4.085,-0.925293,-0.354248,0.01171875,-0.52872,0,-0.6713867,0.3662109,0.793457,0.0007324219,-14.76563,-5.824219,0.1914063,-7771,4271,-24,0.1590203,-0.5888901,-0.3959045,-0.6864738,-20.87379,-15.37044,14.80472
4.115,-0.925293,-0.3635254,0.01318359,-0.375102,0,-0.8544922,0.1831055,0.7324219,0.0007324219,-14.82813,-5.695313,0.234375,-7771,4271,-24,0.1590576,-0.5889893,-0.3955688,-0.6865845,-20.84558,-15.33678,14.79633
4.146,-0.9208984,-0.3635254,0.0144043,-0.30371,0,-1.89209,-0.06103516,0.7324219,0.0007324219,-14.73047,-5.832031,0.3164063,-7771,4271,-24,0.1589643,-0.5891193,-0.3952014,-0.6867025,-20.82437,-15.3101,14.79145
4.175,-0.9206543,-0.3630371,0.015625,-0.4958757,0,-1.953125,-0.1220703,0.793457,0.0007324219,-14.72266,-5.90625,0.2148438,-7771,4271,-24,0.1587524,-0.5892944,-0.3947754,-0.6868286,-20.80679,-15.28748,14.7879
4.206,-0.9179688,-0.3623047,0.01831055,-1.0013,0,-1.831055,0,0.8544922,0.0007324219,-14.78906,-5.789063,0.2734375,-7771,4271,-24,0.1585948,-0.5894757,-0.3943417,-0.6869783,-20.78449,-15.25938,14.78279
4.235,-0.921875,-0.3491211,0.009277344,-1.000912,-4.208726,-1.89209,-0.1220703,0.793457,0.0007324219,-14.80469,-5.613281,0.2773438,-7771,4271,-24,0.1584473,-0.5896606,-0.3939209,-0.6871338,-20.76221,-15.23142,14.77753
4.266,-0.9267578,-0.3527832,0.01269531,-0.99786,-5.421063,-0.6713867,0.1831055,0.6103516,0.0007324219,-14.90625,-5.515625,0.1484375,-7771,4271,-24,0.1584029,-0.5897468,-0.3936289,-0.6872418,-20.74398,-15.20724,14.77458
4.295,-0.9240723,-0.3520508,0.01708984,-1.185358,-5.651913,-0.3051758,0.1220703,0.4272461,0.0007324219,-14.76563,-5.6875,0.203125,-7771,4271,-24,0.1583862,-0.5897827,-0.3934326,-0.6873169,-20.73171,-15.18963,14.77395
4.326,-0.923584,-0.3496094,0.01367188,-1.6364,-5.949744,0.6103516,0.4272461,0.3051758,0.0007324219,-14.75,-5.691406,0.203125,-7771,4271,-24,0.1584803,-0.5897711,-0.3934406,-0.6873089,-20.72516,-15.18365,14.77009
4.356,-0.9140625,-0.3654785,0.01782227,-1.604121,-4.864238,0.793457,0.5493164,0.4272461,0.0007324219,-14.78516,-5.726563,0.25,-7771,4271,-24,0.1586914,-0.5897217,-0.3934937,-0.6872559,-20.71325,-15.17425,14.76154
4.386,-0.9160156,-0.3845215,0.015625,-1.4054,-4.067944,-1.281738,-0.1831055,1.037598,0.0007324219,-14.6875,-5.988281,0.3710938,-7771,4271,-24,0.1586336,-0.5898517,-0.393249,-0.6873095,-20.69646,-15.15783,14.75275
4.416,-0.9194336,-0.3679199,0.02954102,-1.143328,-1.292305,-4.150391,-0.6103516,1.708984,0.0007324219,-14.56641,-6.179688,0.3398438,-7771,4271,-24,0.1584473,-0.5901489,-0.3927002,-0.687439,-20.66319,-15.12479,14.73586
4.446,-0.9262695,-0.3562012,0.03051758,-0.74963,3.631674,-5.065918,-0.6713867,2.258301,0.0007324219,-14.77344,-5.742188,0.4375,-7771,4271,-24,0.1580977,-0.5906362,-0.3916781,-0.6876764,-20.60425,-15.06276,14.70955
4.476,-0.925293,-0.3427734,0.002441406,-0.4009398,8.57414,-7.141113,-1.220703,3.540039,0.0007324219,-14.99609,-5.5,0.2460938,-7771,4271,-24,0.1575317,-0.5913696,-0.3900757,-0.6880493,-20.51458,-14.96646,14.67145
4.506,-0.9475098,-0.2995605,-0.01098633,-0.037999,10.70256,-8.911133,-1.77002,3.662109,0.0007324219,-14.94531,-5.304688,-0.0703125,-7771,4271,-24,0.1567497,-0.5923077,-0.3881914,-0.6884651,-20.41458,-14.86384,14.62401
4.536,-0.9587402,-0.2663574,-0.03588867,0.6969436,13.50133,-9.643555,-3.356934,1.525879,0.0007324219,-15.32031,-4.59375,-0.5039063,-7771,4271,-24,0.1557007,-0.5935059,-0.3858643,-0.6889648,-20.29557,-14.74457,14.56465
4.566,-0.9440918,-0.2297363,-0.05102539,1.7634,18.32029,-15.80811,-6.347656,-3.417969,0.0007324219,-15.29297,-4.125,-0.8242188,-7771,4271,-24,0.1528919,-0.5949719,-0.3835996,-0.6896207,-20.31116,-14.75479,14.57791
4.596,-0.9726563,-0.1872559,-0.09814453,2.099183,20.44955,-20.62988,-11.59668,-9.70459,0.0007324219,-15.5625,-3.113281,-1.582031,-7771,4271,-24,0.1482544,-0.5967407,-0.3812256,-0.6904297,-20.45394,-14.88521,14.66208
4.627,-0.9250488,-0.166748,-0.09814453,2.251,19.63762,-21.91162,-17.63916,-13.5498,0.0007324219,-15.25781,-3.128906,-1.738281,-7771,4271,-24,0.1419245,-0.5991947,-0.379731,-0.6903708,-20.7502,-15.25652,14.73297
4.656,-0.9299316,-0.125,-0.15625,3.017886,19.24014,-13.79395,-23.68164,-16.90674,0.0007324219,-14.875,-2.453125,-2.121094,-7771,4271,-24,0.1341553,-0.6020508,-0.3787842,-0.6900024,-21.1841,-15.7949,14.83773
4.687,-1.014893,-0.02172852,-0.2368164,4.4133,21.30223,0.3051758,-31.06689,-23.80371,0.0007324219,-15.64844,-1.253906,-3.21875,-7771,4271,-24,0.1279895,-0.6047943,-0.381641,-0.6873484,-21.7416,-16.62876,14.80283
4.716,-0.8632813,-0.2353516,-0.05786133,6.222186,28.46836,23.86475,-25.63477,-22.70508,0.0007324219,-15.01953,-1.917969,-3.125,-7771,4271,-24,0.1228638,-0.6073608,-0.3878784,-0.682373,-22.46017,-17.76339,14.643
4.747,-0.6516113,-0.6523438,0.07519531,8.847,44.68055,25.57373,-35.88867,-19.9585,0.0007324219,-12.25391,-6.480469,0.53125,-7771,4271,-24,0.1171017,-0.6107826,-0.3954523,-0.6759465,-23.32423,-19.12614,14.37051
4.776,-1.012451,-0.390625,-0.1296387,12.09544,65.43844,0.4272461,-50.29297,-33.3252,0.0007324219,-12.55859,-10.47266,-0.2851563,-7771,4271,-24,0.1117554,-0.6144409,-0.4046631,-0.6680908,-24.30912,-20.65164,13.98048
4.807,-0.951416,-0.3869629,0.1950684,16.5206,88.50138,2.746582,-45.53223,-16.72363,0.0007324219,-17.86719,-4.152344,-0.3046875,-7771,4271,-24,0.1044065,-0.6200033,-0.4099717,-0.6606878,-25.18154,-22.01204,13.49865
4.836,-0.5710449,-0.6809082,0.4089355,21.40415,113.7502,0.5493164,-44.7998,-8.422852,0.0007324219,-10.77734,-10.11719,6.207031,-7771,4271,-24,0.09643555,-0.6265869,-0.413269,-0.6537476,-25.98775,-23.25025,12.96876
4.867,-1.120117,-0.3344727,0.3969727,27.5812,141.4,11.90186,-30.63965,-17.21191,0.0007324219,-13.72656,-7.679688,5.4375,-7771,4271,-24,0.09193928,-0.6308615,-0.4183973,-0.6469714,-26.72531,-24.33885,12.47029
4.897,-0.7883301,-0.5664063,0.4750977,35.35956,174.9161,21.30127,-16.54053,-7.8125,0.0007324219,-15.89844,-7.847656,8.355469,-7771,4271,-24,0.08929443,-0.6339111,-0.4238281,-0.6408081,-27.37092,-25.26774,12.00614
4.927,-0.6105957,-0.4472656,0.2546387,44.8643,214.4944,24.04785,-0.3662109,-1.403809,0.0007324219,-10.07813,-7.210938,7.027344,-7771,4271,-24,0.09011999,-0.633873,-0.4287172,-0.6368198,-27.71675,-25.7611,11.73416
4.957,-1.108398,-0.4946289,0.05786133,51.62833,240.9565,16.8457,-7.8125,-7.507324,0.0007324219,-13.10156,-8.21875,1.882813,-7771,4271,-24,0.09332275,-0.633606,-0.4334106,-0.6340942,-27.82837,-25.99495,11.42954
4.987,-0.6235352,-0.5197754,0.3071289,57.274,247.3589,1.647949,-8.422852,3.967285,0.0007324219,-15.47266,-7.992188,2.039063,-7771,4271,-24,0.09345809,-0.634388,-0.4357075,-0.6314179,-28.01523,-26.28695,11.18432
5.017,-0.9997559,-0.5236816,0.496582,62.16588,233.7436,13.48877,-6.774902,-2.01416,0.0007324219,-9.855469,-9.3125,8.160156,-7771,4271,-24,0.09350586,-0.6361694,-0.4368286,-0.6291504,-28.10418,-26.48598,10.87715
5.047,-0.9460449,-0.5349121,0.1791992,66.273,202.0168,10.13184,0.9765625,2.563477,0.0007324219,-16.40625,-8.628906,5.855469,-7771,4271,-24,0.09474352,-0.6361542,-0.438305,-0.6276958,-28.13145,-26.56827,10.71227
5.077,-0.8439941,-0.6228027,0.2426758,71.61766,173.8978,2.258301,2.380371,4.943848,0.0007324219,-13.94141,-9.410156,3.351563,-7771,4271,-24,0.09729004,-0.6360474,-0.4396362,-0.62677,-28.02658,-26.51351,10.51796
5.107,-0.7468262,-0.3701172,0.4116211,77.5691,168.4209,2.075195,1.647949,5.615234,0.0007324219,-12.88672,-7.878906,4.335938,-7771,4271,-24,0.09918213,-0.6359863,-0.4404059,-0.625987,-27.93473,-26.46078,10.36169
5.137,-0.9470215,-0.4848633,0.2895508,82.1484,167.5489,18.18848,8.972168,1.464844,0.0007324219,-14.1875,-6.984375,6.53125,-7771,4271,-24,0.1010742,-0.6359253,-0.4408569,-0.6254272,-27.81576,-26.37393,10.21913
5.168,-0.824707,-0.4418945,0.05322266,86.2046,164.6734,4.760742,6.774902,2.502441,0.0007324219,-13.85547,-7.808594,1.984375,-7771,4271,-24,0.1032189,-0.6352018,-0.4415351,-0.6255025,-27.68846,-26.24995,10.16944
5.197,-0.8366699,-0.4411621,0.08959961,89.70468,157.1737,5.065918,0.6713867,2.197266,0.0007324219,-13.55078,-6.660156,0.2539063,-7771,4271,-24,0.1053467,-0.6338501,-0.4421997,-0.6259155,-27.56494,-26.10626,10.19826
5.228,-0.8549805,-0.4099121,0.2321777,93.0451,139.7553,11.23047,1.159668,-0.793457,0.0007324219,-13.10547,-6.507813,2.925781,-7771,4271,-24,0.1073854,-0.6333147,-0.443652,-0.625158,-27.51516,-26.08645,10.08457
5.257,-0.864502,-0.4865723,-0.1137695,97.20821,127.7402,16.72363,-1.77002,2.197266,0.0007324219,-13.95703,-7.316406,0.9179688,-7771,4271,-24,0.1091919,-0.6330566,-0.4456177,-0.6235352,-27.53443,-26.16288,9.898897
5.288,-0.8325195,-0.6098633,-0.1550293,102.3433,130.4266,6.103516,-12.45117,6.652832,0.0007324219,-12.75,-9.144531,-2.691406,-7771,4271,-24,0.1092384,-0.6344823,-0.4455924,-0.6215523,-27.54739,-26.25717,9.621834
5.317,-0.8642578,-0.4477539,0.1635742,106.3385,136.3469,-8.300781,-22.15576,7.507324,0.0007324219,-13.47656,-8.878906,0.2304688,-7771,4271,-24,0.1092529,-0.6375122,-0.4454346,-0.6191406,-27.54396,-26.375,9.182119
5.348,-0.8469238,-0.3432617,0.2736816,110.2693,140.3768,-11.16943,-23.4375,6.896973,0.0007324219,-13.59375,-6.324219,3.34375,-7771,4271,-24,0.1071124,-0.6416883,-0.444106,-0.6162401,-27.6483,-26.60725,8.717019
5.377,-0.8486328,-0.3132324,0.3481445,113.7967,140.3572,-6.530762,-21.66748,3.295898,0.0007324219,-14.19922,-4.792969,5.105469,-7771,4271,-24,0.1027832,-0.6470337,-0.4415894,-0.6130981,-27.86256,-26.94746,8.248539
5.408,-0.8496094,-0.3195801,0.418457,117.3571,132.0484,-5.126953,-18.06641,-1.281738,0.0007324219,-13.42969,-5.351563,5.476563,-7771,4271,-24,0.09986132,-0.6503061,-0.4416695,-0.6102271,-28.16418,-27.33866,7.921512
5.438,-0.8684082,-0.2822266,0.5224609,121.13,124.0476,1.525879,-8.605957,-7.93457,0.0007324219,-14.17969,-4.398438,8.453125,-7771,4271,-24,0.09729004,-0.6525879,-0.4421997,-0.607605,-28.47548,-27.71637,7.678971
5.468,-0.8513184,-0.3999023,0.4541016,125.0762,122.9435,8.666992,-1.831055,-11.16943,0.0007324219,-13.10547,-5.457031,7.5625,-7771,4271,-24,0.09663694,-0.6523152,-0.4445534,-0.6059298,-28.74637,-28.01002,7.628496
5.498,-0.8625488,-0.4851074,0.4211426,128.4364,121.9789,12.93945,4.882813,-12.57324,0.0007324219,-14.30469,-6.945313,6.738281,-7771,4271,-24,0.09637451,-0.6506348,-0.4491577,-0.6047974,-29.13674,-28.3963,7.738841
5.528,-0.7907715,-0.6066895,0.3208008,131.4831,119.0707,13.12256,9.460449,-9.82666,0.0007324219,-13.17969,-8.613281,5.878906,-7771,4271,-24,0.0970993,-0.6483355,-0.4527052,-0.6048584,-29.34012,-28.57176,7.926335
5.558,-0.8503418,-0.6987305,0.1474609,131.6788,100.9791,9.094238,10.00977,-5.126953,0.0007324219,-13.17188,-10.8125,3.242188,-7771,4271,-24,0.09887695,-0.6448364,-0.4562988,-0.6052856,-29.45906,-28.64523,8.17791
5.588,-0.8549805,-0.6196289,0.2053223,131.7473,72.32492,6.774902,9.216309,-0.1220703,0.0007324219,-13.23828,-10.33203,3.027344,-7771,4271,-24,0.1004626,-0.6428183,-0.457294,-0.6060635,-29.39148,-28.5438,8.322908
5.618,-0.840332,-0.5981445,0.1826172,130.6059,35.97802,2.319336,7.141113,5.79834,0.0007324219,-12.71094,-9.539063,2.550781,-7771,4271,-24,0.1022949,-0.6412964,-0.4577026,-0.6073608,-29.24402,-28.3607,8.451871
5.648,-0.8452148,-0.505127,0.3044434,128.042,-4.318903,-0.793457,10.98633,5.432129,0.0007324219,-13.98828,-8.558594,3.984375,-7771,4271,-24,0.1040495,-0.6400745,-0.4571037,-0.6088389,-29.02643,-28.10582,8.56532
5.678,-0.8352051,-0.4958496,0.3000488,124.729,-43.6402,-1.953125,12.3291,5.004883,0.0007324219,-13.36719,-7.90625,5.050781,-7771,4271,-24,0.105835,-0.6391602,-0.4555054,-0.6106567,-28.72553,-27.7635,8.669376
5.709,-0.8388672,-0.4970703,0.269043,120.0206,-77.75878,-3.173828,13.61084,5.310059,0.0007324219,-13.66797,-7.625,4.71875,-7771,4271,-24,0.1074949,-0.6377531,-0.4539304,-0.613008,-28.43184,-27.40539,8.86388
5.738,-0.8225098,-0.5534668,0.220459,114.843,-113.5565,-6.469727,13.24463,5.004883,0.0007324219,-13.28906,-8.34375,3.96875,-7771,4271,-24,0.1089478,-0.6362305,-0.4521484,-0.6156616,-28.13897,-27.03395,9.100729
5.77,-0.8330078,-0.5380859,0.2143555,107.958,-148.6203,-10.98633,11.90186,5.126953,0.0007324219,-13.59375,-8.800781,3.433594,-7771,4271,-24,0.10892,-0.6349996,-0.4494209,-0.6188707,-27.89495,-26.68554,9.42976
5.798,-0.8762207,-0.5129395,0.2243652,102.5504,-173.381,-17.21191,9.399414,4.516602,0.0007324219,-13.48047,-8.730469,3.03125,-7771,4271,-24,0.1087646,-0.6340942,-0.4464111,-0.6220093,-27.64266,-26.33021,9.727315
5.829,-0.8474121,-0.472168,0.2492676,96.658,-189.4166,-20.26367,6.652832,5.249023,0.0007324219,-13.58594,-8.296875,3.667969,-7771,4271,-24,0.1075577,-0.6340942,-0.4425617,-0.625265,-27.40862,-25.99381,10.00654
5.858,-0.8693848,-0.4289551,0.3110352,92.35712,-189.6289,-20.20264,7.446289,4.333496,0.0007324219,-13.65625,-7.179688,4.777344,-7771,4271,-24,0.1052856,-0.6340942,-0.4383545,-0.6282959,-27.24722,-25.72084,10.31837
5.889,-0.8803711,-0.3752441,0.3366699,88.5633,-175.3421,-19.65332,9.82666,4.02832,0.0007324219,-13.91406,-6.507813,5.460938,-7771,4271,-24,0.1040453,-0.6336629,-0.4344552,-0.6317362,-27.02013,-25.36622,10.6386
5.919,-0.8327637,-0.3991699,0.3249512,83.51062,-160.8374,-14.5874,16.8457,3.479004,0.0007324219,-13.58984,-6.1875,5.328125,-7771,4271,-24,0.1031494,-0.6327515,-0.4308472,-0.6351929,-26.7956,-24.99952,10.97845
5.949,-0.9018555,-0.3996582,0.2727051,77.7213,-158.5037,-11.16943,20.69092,6.103516,0.0007324219,-14.12109,-5.582031,5.039063,-7771,4271,-24,0.1040508,-0.6308216,-0.4272697,-0.6394537,-26.43006,-24.45023,11.35602
5.979,-0.8710938,-0.4396973,0.2192383,72.46889,-161.338,-8.728027,29.84619,9.82666,0.0007324219,-14.22266,-6.871094,4.203125,-7771,4271,-24,0.1064453,-0.6276855,-0.4237671,-0.6443481,-25.96815,-23.75158,11.79086
6.009,-0.895752,-0.4470215,0.1184082,67.3273,-169.8249,-5.004883,34.42383,13.79395,0.0007324219,-14.29688,-7.074219,2.933594,-7771,4271,-24,0.1104192,-0.6240737,-0.4195315,-0.6498894,-25.33981,-22.84224,12.20863
6.039,-0.8415527,-0.4248047,0.1428223,62.32905,-176.1654,-3.356934,37.78076,18.18848,0.0007324219,-14.21875,-7.671875,2.546875,-7771,4271,-24,0.1165161,-0.6196289,-0.4147949,-0.6561279,-24.53548,-21.69359,12.61767
6.07,-0.8798828,-0.3972168,0.0925293,57.3004,-172.8432,-8.544922,35.46143,18.49365,0.0007324219,-13.45703,-7.269531,1.921875,-7771,4271,-24,0.1225207,-0.6154902,-0.4092666,-0.6623573,-23.71106,-20.49202,12.99116
6.099,-0.8671875,-0.3549805,0.105957,51.49987,-172.4428,-9.70459,36.68213,21.66748,0.0007324219,-14.22266,-5.324219,1.175781,-7771,4271,-24,0.1286621,-0.6116333,-0.4035034,-0.6682739,-22.88925,-19.27655,13.30618
6.129,-0.8786621,-0.2509766,0.09277344,44.7289,-181.875,-11.65771,32.71484,19.53125,0.0007324219,-12.48828,-5.363281,1.898438,-7771,4271,-24,0.1342733,-0.6081467,-0.3975392,-0.6739084,-22.12399,-18.09856,13.59312
6.159,-0.9365234,-0.1716309,-0.157959,38.28645,-194.2236,-7.324219,24.78027,15.74707,0.0007324219,-13.68359,-4.148438,-0.0078125,-7771,4271,-24,0.1395874,-0.6049805,-0.3913574,-0.6792603,-21.3935,-16.93874,13.84291
6.189,-0.9589844,-0.07641602,-0.3098145,31.8102,-206.6598,-1.953125,19.9585,12.57324,0.0007324219,-15.30078,-1.417969,-3.832031,-7771,4271,-24,0.1442538,-0.6024096,-0.3869616,-0.6831004,-20.83854,-16.04199,14.00426
6.22,-0.8859863,-0.3227539,-0.1977539,27.24621,-205.4311,-1.586914,13.85498,10.19287,0.0007324219,-13.90234,-3.554688,-4.082031,-7771,4271,-24,0.1485596,-0.6002197,-0.3834229,-0.6860962,-20.36921,-15.28199,14.11122
6.25,-1.022217,-0.05493164,-0.08032227,23.9782,-185.6807,-9.277344,1.89209,5.310059,0.0007324219,-15.76172,-2.324219,-2.109375,-7771,4271,-24,0.1507523,-0.5998614,-0.381099,-0.6873862,-20.06604,-14.87388,14.078
6.279,-0.9829102,-0.1933594,-0.02270508,20.63338,-159.4383,14.52637,6.530762,3.173828,0.0007324219,-16.36328,-0.8125,-0.9140625,-7771,4271,-24,0.1518555,-0.5997314,-0.3796387,-0.6879272,-19.89081,-14.65025,14.04379
6.31,-0.8962402,-0.4892578,0.0703125,17.3152,-134.3217,3.234863,2.807617,3.173828,0.0007324219,-14.625,-6.257813,0.4921875,-7771,4271,-24,0.1530439,-0.5994781,-0.3796892,-0.6878936,-19.8096,-14.56635,14.00692
6.339,-0.9592285,-0.262207,-0.02099609,15.55701,-109.1364,-7.263184,-1.953125,0.8544922,0.0007324219,-14.68359,-6.796875,0.7148438,-7771,4271,-24,0.1538696,-0.5992432,-0.3800049,-0.6876831,-19.77204,-14.53797,13.97896
6.371,-0.9257813,-0.2783203,-0.02539063,14.4263,-87.87091,5.065918,4.333496,0.9765625,0.0007324219,-15.5625,-4.578125,-0.4921875,-7771,4271,-24,0.1549438,-0.5988156,-0.3801749,-0.6877311,-19.71699,-14.46579,13.96992
6.399,-0.947998,-0.2456055,0.01733398,13.54434,-69.08939,6.04248,1.708984,0.4272461,0.0007324219,-14.85938,-4.300781,0.0625,-7771,4271,-24,0.1558838,-0.5983276,-0.3803101,-0.6878662,-19.67441,-14.3958,13.97751
6.43,-0.934082,-0.3635254,0.04223633,12.835,-48.8492,7.873535,2.746582,0.2441406,0.0007324219,-15.48047,-3.984375,0.06640625,-7771,4271,-24,0.1570956,-0.5977686,-0.3810429,-0.6876625,-19.64881,-14.36829,13.96695
6.46,-0.8937988,-0.4536133,0.07397461,12.64957,-30.78848,0.9765625,1.953125,1.220703,0.0007324219,-14.58203,-7.210938,1.253906,-7771,4271,-24,0.1583862,-0.597168,-0.3823242,-0.6871948,-19.65193,-14.39034,13.94888
6.49,-0.9294434,-0.3947754,0.01171875,12.576,-19.89833,-3.234863,-0.3662109,2.685547,0.0007324219,-14.69922,-6.660156,0.6992188,-7771,4271,-24,0.1583633,-0.5973265,-0.3818548,-0.6872876,-19.61633,-14.35216,13.93411
6.52,-0.9121094,-0.3518066,0.02929688,12.37526,-12.70092,-5.004883,-0.06103516,4.760742,0.0007324219,-14.58203,-6.207031,-0.1640625,-7771,4271,-24,0.1582031,-0.5979004,-0.3804321,-0.6876221,-19.5126,-14.24231,13.88957
6.55,-0.9643555,-0.2126465,0.02124023,12.1178,-8.153266,-4.699707,-0.4882813,3.295898,0.0007324219,-14.9375,-4.578125,0.6523438,-7771,4271,-24,0.1583061,-0.5984421,-0.3791971,-0.6878125,-19.39976,-14.13451,13.82905
6.58,-0.9455566,-0.2858887,-0.0144043,11.75086,-6.873098,-0.6713867,1.037598,2.685547,0.0007324219,-15.58984,-3.507813,-0.1328125,-7771,4271,-24,0.1585693,-0.5991211,-0.3777466,-0.6879883,-19.25328,-14.00055,13.74443
6.61,-0.9455566,-0.3125,0.02124023,11.2729,-9.158313,-3.417969,-0.3662109,0.9765625,0.0007324219,-15.02344,-5.046875,0.2304688,-7771,4271,-24,0.158535,-0.5993746,-0.3770405,-0.6881482,-19.19943,-13.94274,13.72206
6.64,-0.9494629,-0.2900391,-0.002929688,10.77095,-12.09455,0,0.2441406,-0.3051758,0.0007324219,-15.24219,-4.382813,0.04296875,-7771,4271,-24,0.1583862,-0.5994873,-0.3766479,-0.6882935,-19.18196,-13.91711,13.72179
6.67,-0.9221191,-0.3461914,0.02026367,10.19277,-14.69614,-0.3662109,0.6103516,-0.3662109,0.0007324219,-14.70313,-5.476563,-0.02734375,-7771,4271,-24,0.1582723,-0.599453,-0.3766556,-0.6883984,-19.19481,-13.92095,13.73727
6.7,-0.947998,-0.2631836,-0.01074219,10.25594,-13.79573,0.1831055,-0.3662109,-1.77002,0.0007324219,-15.03516,-5.050781,0.07421875,-7771,4271,-24,0.1581421,-0.5993042,-0.376709,-0.6884766,-19.21652,-13.92897,13.76183
6.731,-0.9394531,-0.3183594,0.004882813,10.6242,-8.749377,4.882813,1.831055,-1.647949,0.0007324219,-15.26953,-4.332031,-0.1835938,-7771,4271,-24,0.1583084,-0.5989728,-0.3772531,-0.6884075,-19.2537,-13.959,13.78736
6.76,-0.9301758,-0.3354492,-0,10.50942,-3.970567,0.4272461,-0.8544922,-2.319336,0.0007324219,-14.8125,-5.570313,0.3007813,-7771,4271,-24,0.1586914,-0.5984497,-0.3782959,-0.6882324,-19.31431,-14.01561,13.82124
6.791,-0.972168,-0.2226563,-0.02246094,10.1451,-1.709139,0,-0.4882813,-4.02832,0.0007324219,-15.05469,-4.667969,-0.4453125,-7771,4271,-24,0.1585245,-0.5981318,-0.3789694,-0.6881886,-19.38662,-14.07944,13.86544
6.82,-0.9099121,-0.2836914,0.01293945,10.18594,-0.4484231,2.807617,0.1220703,-3.356934,0.0007324219,-15.32813,-4.164063,0.2265625,-7771,4271,-24,0.1580811,-0.5979004,-0.3795166,-0.6881714,-19.46892,-14.15316,13.9147
6.851,-0.9436035,-0.291748,-0.0004882813,10.3824,-0.9848566,-6.958008,-5.126953,-5.67627,0.0007324219,-14.88281,-5.578125,0.2929688,-7771,4271,-24,0.1562311,-0.5982291,-0.3795627,-0.6882079,-19.60539,-14.29374,13.97767
6.88,-1.012695,-0.1113281,-0.1074219,10.41189,-1.341152,-10.31494,-9.70459,-11.16943,0.0007324219,-15.48438,-2.816406,-0.953125,-7771,4271,-24,0.1530151,-0.598999,-0.3795776,-0.6882935,-19.83083,-14.53478,14.07238
6.911,-0.9057617,-0.2556152,-0.05029297,10.4249,0.5388221,-2.13623,-6.164551,-13.06152,0.0007324219,-15.85156,-2.488281,-1.386719,-7771,4271,-24,0.1491329,-0.5996141,-0.3804456,-0.688099,-20.1715,-14.90271,14.21087
6.94,-0.9335938,-0.1142578,-0.1994629,11.09538,5.24188,-12.87842,-21.11816,-20.20264,0.0007324219,-14.47656,-4.171875,-1.1875,-7771,4271,-24,0.1445923,-0.6002197,-0.3821411,-0.6876831,-20.62144,-15.39474,14.38572
6.971,-1.110596,0.09985352,-0.2285156,12.6604,13.8087,2.197266,-26.42822,-26.55029,0.0007324219,-16.12109,1.117188,-5.316406,-7771,4271,-24,0.1397854,-0.6014962,-0.386112,-0.6854261,-21.20465,-16.18142,14.44112
7.001,-0.7519531,-0.4309082,-0.121582,14.97456,28.9325,28.74756,-25.57373,-23.13232,0.0007324219,-13.29688,-3.339844,-1.730469,-7771,4271,-24,0.1348267,-0.6032715,-0.392395,-0.6812134,-21.93722,-17.25912,14.37503
7.031,-0.8540039,-0.5432129,-0.02612305,18.3356,51.90706,-4.821777,-52.36816,-32.34863,0.0007324219,-13.04688,-7.242188,-2.253906,-7771,4271,-24,0.1258451,-0.607149,-0.3984438,-0.6758052,-22.9315,-18.68965,14.25538
7.061,-0.7873535,-0.4799805,0.01879883,21.70885,76.42213,-9.94873,-54.26025,-31.67725,0.0007324219,-12.94531,-8.699219,-0.078125,-7771,4271,-24,0.1133423,-0.6132202,-0.4052124,-0.6685791,-24.25107,-20.54231,14.0385
7.091,-0.8171387,-0.3393555,0.1506348,25.4668,96.95913,-8.483887,-53.83301,-30.15137,0.0007324219,-12.78906,-6.664063,2.070313,-7771,4271,-24,0.1016253,-0.6192477,-0.4107842,-0.6614267,-25.49217,-22.23799,13.78275
7.121,-0.9245605,-0.4013672,0.173584,31.0986,120.9914,0.6103516,-53.40576,-26.67236,0.0007324219,-13.47656,-5.65625,3.109375,-7771,4271,-24,0.0892334,-0.6260376,-0.4158325,-0.6536865,-26.80071,-23.97802,13.46851
7.151,-0.9018555,-0.2944336,0.1682129,38.3944,151.5678,1.89209,-49.1333,-25.02441,0.0007324219,-14.56641,-6.109375,2.644531,-7771,4271,-24,0.08022757,-0.6316802,-0.4211655,-0.6460121,-27.92326,-25.47459,13.07111
7.181,-0.7131348,-0.3596191,0.4228516,45.67414,183.2202,13.61084,-36.74316,-17.63916,0.0007324219,-13.46094,-5.679688,3.65625,-7771,4271,-24,0.07299805,-0.6368408,-0.4265137,-0.6381836,-28.95079,-26.84168,12.59574
7.211,-0.7116699,-0.5532227,0.4116211,53.48737,216.0099,31.79932,-33.14209,-17.21191,0.0007324219,-11.95313,-5.933594,5.832031,-7771,4271,-24,0.06918552,-0.6405994,-0.4339513,-0.6297294,-29.90751,-28.12399,11.99959
7.241,-1.002197,-0.6916504,0.4233398,60.76499,238.9876,20.01953,-30.88379,-18.67676,0.0007324219,-12.62109,-11.75391,7.285156,-7771,4271,-24,0.06738281,-0.6434326,-0.4429932,-0.6207886,-30.85949,-29.38061,11.31571
7.272,-0.9174805,-0.4570313,0.3415527,68.1028,246.3837,14.28223,-10.0708,-7.324219,0.0007324219,-17.02734,-7.414063,5.402344,-7771,4271,-24,0.06715273,-0.6446987,-0.4484061,-0.6155586,-31.37091,-30.05375,10.88255
7.301,-0.7121582,-0.6726074,0.324707,75.50918,247.0309,20.75195,-6.347656,-4.577637,0.0007324219,-11.52734,-9.378906,6.113281,-7771,4271,-24,0.06707764,-0.6452026,-0.4519043,-0.6124878,-31.6947,-30.46389,10.64266
7.332,-0.8618164,-0.4897461,0.04125977,83.7685,249.8783,15.74707,-10.92529,-4.699707,0.0007324219,-13.79688,-9.898438,3.25,-7771,4271,-24,0.06708605,-0.6458186,-0.4554527,-0.609181,-32.02169,-30.88158,10.36521
7.361,-0.8112793,-0.4985352,0.1826172,90.63865,249.2124,2.929688,-13.30566,-2.990723,0.0007324219,-13.55469,-9.109375,1.804688,-7771,4271,-24,0.06713867,-0.6462402,-0.4581909,-0.6066284,-32.27231,-31.19883,10.14914
7.392,-0.7946777,-0.5146484,0.4658203,97.4999,246.4634,7.202148,-18.18848,-2.197266,0.0007324219,-11.58594,-7.742188,6.257813,-7771,4271,-24,0.06609062,-0.6478416,-0.46055,-0.603153,-32.60563,-31.62396,9.82411
7.421,-0.8525391,-0.4973145,0.3308105,103.0117,236.3062,7.507324,-9.521484,-8.544922,0.0007324219,-15.375,-7.667969,7.214844,-7771,4271,-24,0.06396484,-0.6502686,-0.4622803,-0.5996094,-32.98568,-32.09484,9.486467
7.452,-0.6398926,-0.6022949,0.1901855,108.1624,216.3931,1.342773,-12.146,-7.507324,0.0007324219,-11.76563,-9.300781,3.328125,-7771,4271,-24,0.06136515,-0.6515469,-0.464297,-0.5968938,-33.41737,-32.57712,9.344607
7.481,-0.7834473,-0.5556641,0.3059082,114.676,203.037,-3.051758,-21.66748,-5.737305,0.0007324219,-11.07813,-9.195313,4.121094,-7771,4271,-24,0.05822754,-0.6523438,-0.4661255,-0.5948486,-33.86798,-33.05326,9.332599
7.512,-0.8625488,-0.6108398,0.4421387,122.7277,206.224,2.01416,-12.51221,-5.126953,0.0007324219,-12.93359,-8.757813,6.554688,-7771,4271,-24,0.05558391,-0.6534724,-0.4678261,-0.592537,-34.27373,-33.49634,9.236868
7.542,-0.8171387,-0.5605469,0.4155273,130.0501,217.1783,2.258301,-3.90625,-8.361816,0.0007324219,-13.76172,-9.855469,6.625,-7771,4271,-24,0.05322266,-0.6546021,-0.4692993,-0.5903931,-34.63568,-33.89323,9.134089
7.572,-0.59375,-0.5610352,0.3422852,137.3991,232.6085,1.098633,-4.211426,-5.67627,0.0007324219,-10.94531,-8.613281,5.695313,-7771,4271,-24,0.0514916,-0.6545868,-0.4710157,-0.5889655,-34.94821,-34.21819,9.146102
7.602,-0.8300781,-0.6179199,0.3432617,142.5574,235.0412,3.723145,-8.361816,-5.981445,0.0007324219,-10.37109,-8.742188,5.734375,-7771,4271,-24,0.0501709,-0.65448,-0.4728394,-0.5879517,-35.21954,-34.49718,9.174739
7.632,-0.8720703,-0.5942383,0.3737793,146.4706,214.127,0.1220703,-4.516602,-6.408691,0.0007324219,-14.98828,-10.31641,6.441406,-7771,4271,-24,0.04869095,-0.6543968,-0.4743056,-0.5869653,-35.47945,-34.76292,9.211238
7.662,-0.6252441,-0.5461426,0.3037109,150.2437,182.8566,1.220703,-2.380371,-3.051758,0.0007324219,-11.90234,-9.347656,5.074219,-7771,4271,-24,0.04724121,-0.6542969,-0.4755859,-0.5861206,-35.71966,-35.00646,9.257867
7.693,-0.7307129,-0.5478516,0.3823242,153.6543,152.022,2.929688,-3.112793,-1.89209,0.0007324219,-9.753906,-8.742188,5.203125,-7771,4271,-24,0.04684116,-0.6542023,-0.4768108,-0.5852958,-35.86537,-35.16279,9.232089
7.722,-0.8703613,-0.5185547,0.4277344,154.9602,118.627,4.821777,2.624512,-4.150391,0.0007324219,-13.29297,-8.035156,6.832031,-7771,4271,-24,0.04669189,-0.6541138,-0.4778442,-0.5845947,-35.97243,-35.28006,9.197146
7.752,-0.7045898,-0.5053711,0.3659668,155.5808,89.5408,4.02832,2.380371,-1.525879,0.0007324219,-12.28516,-7.992188,6.65625,-7771,4271,-24,0.04705811,-0.6535846,-0.479019,-0.5843378,-36.03366,-35.34311,9.202664
7.782,-0.6853027,-0.5236816,0.322998,155.2858,58.63932,6.591797,4.638672,-2.929688,0.0007324219,-10.48438,-8.5625,5.25,-7771,4271,-24,0.04797363,-0.6525879,-0.4802246,-0.5842285,-36.04965,-35.35691,9.221203
7.813,-0.8220215,-0.6306152,0.2773438,154.1803,23.89685,8.666992,6.103516,0.4882813,0.0007324219,-12.41406,-9.335938,5.019531,-7771,4271,-24,0.04973589,-0.6516038,-0.4813923,-0.5842365,-35.98609,-35.29546,9.189907
7.843,-0.8017578,-0.6306152,0.2731934,152.4041,-8.59017,8.056641,5.493164,4.333496,0.0007324219,-12.27344,-10.21094,4.574219,-7771,4271,-24,0.0524292,-0.6505127,-0.4824829,-0.5842896,-35.83688,-35.15274,9.106767
7.873,-0.7995605,-0.5803223,0.3244629,149.6335,-35.19297,5.859375,8.483887,5.004883,0.0007324219,-13.03906,-9.832031,4.789063,-7771,4271,-24,0.05497643,-0.6496325,-0.4825287,-0.5847214,-35.61542,-34.93179,9.042565
7.902,-0.708252,-0.5439453,0.3500977,146.4348,-61.07326,4.455566,8.850098,5.981445,0.0007324219,-12.10938,-8.742188,5.75,-7771,4271,-24,0.05767822,-0.6488647,-0.4825439,-0.5855713,-35.36312,-34.67575,8.997221
7.933,-0.7509766,-0.5622559,0.3444824,142.1662,-87.0114,2.685547,7.385254,6.958008,0.0007324219,-11.44141,-8.914063,5.433594,-7771,4271,-24,0.06028113,-0.6482064,-0.482245,-0.5863307,-35.10047,-34.41081,8.940257
7.962,-0.7661133,-0.6206055,0.4106445,138.0507,-109.7275,4.455566,12.20703,6.04248,0.0007324219,-12.41016,-8.980469,6.414063,-7771,4271,-24,0.06262207,-0.6477051,-0.4816284,-0.5870972,-34.83736,-34.14483,8.887228
7.993,-0.7634277,-0.6254883,0.3666992,133.2638,-128.6025,-0.7324219,14.4043,6.04248,0.0007324219,-12.21094,-10.16406,6.207031,-7771,4271,-24,0.06509791,-0.6464404,-0.4807234,-0.5889515,-34.51631,-33.79393,8.982186
8.023,-0.7768555,-0.6293945,0.3930664,128.0833,-143.9453,-2.807617,17.02881,6.958008,0.0007324219,-12.23438,-10.24219,5.882813,-7771,4271,-24,0.06744385,-0.6446533,-0.4794922,-0.5916748,-34.16438,-33.3878,9.201944
8.053,-1.029297,-0.6435547,0.3259277,122.3836,-158.413,-5.615234,18.43262,3.479004,0.0007324219,-13.91406,-10.46484,6.132813,-7771,4271,-24,0.0694959,-0.6427107,-0.4775069,-0.5951351,-33.76941,-32.9168,9.509769
8.083,-0.7451172,-0.5664063,0.354248,116.0518,-173.5614,-13.42773,22.76611,9.765625,0.0007324219,-14.22266,-9.605469,5.226563,-7771,4271,-24,0.0713501,-0.6404419,-0.4747314,-0.5995483,-33.31901,-32.35913,9.928446
8.113,-0.7756348,-0.5358887,0.388916,109.0852,-191.563,-14.77051,21.1792,11.41357,0.0007324219,-11.28516,-8.855469,6.085938,-7771,4271,-24,0.07309463,-0.6386626,-0.4709153,-0.6042702,-32.79883,-31.72195,10.32452
8.143,-0.8686523,-0.479248,0.3666992,103.3308,-202.8484,-16.29639,22.03369,10.68115,0.0007324219,-13.56641,-8.429688,6.066406,-7771,4271,-24,0.07470703,-0.637085,-0.4659424,-0.6095581,-32.19971,-30.98407,10.73995
8.173,-0.7915039,-0.4816895,0.3745117,98.13114,-203.7005,-15.99121,29.96826,13.24463,0.0007324219,-13.23047,-7.527344,5.921875,-7771,4271,-24,0.07732359,-0.6346589,-0.4609833,-0.615484,-31.52064,-30.13219,11.20371
8.203,-0.8300781,-0.4909668,0.2866211,91.64928,-203.0361,-15.44189,33.44727,15.74707,0.0007324219,-12.84766,-7.863281,5.027344,-7771,4271,-24,0.08068848,-0.6316528,-0.4556274,-0.6220703,-30.75767,-29.15635,11.70637
8.233,-0.8620605,-0.4663086,0.2236328,84.34713,-205.7436,-22.64404,36.68213,20.56885,0.0007324219,-13.46484,-8.179688,4.082031,-7771,4271,-24,0.08454715,-0.6285089,-0.4485896,-0.6297802,-29.83346,-27.96055,12.24523
8.263,-0.822998,-0.4108887,0.2124023,78.09671,-207.9766,-22.88818,41.80908,23.01025,0.0007324219,-13.51953,-7.4375,3.082031,-7771,4271,-24,0.08905029,-0.625061,-0.4401245,-0.6385498,-28.768,-26.55055,12.81558
8.294,-0.8334961,-0.4692383,0.1923828,72.20113,-211.4083,-18.37158,40.83252,26.61133,0.0007324219,-12.69922,-7.414063,3.546875,-7771,4271,-24,0.09453784,-0.6216792,-0.4312625,-0.6470403,-27.62747,-25.04162,13.27663
8.323,-0.8776855,-0.4106445,0.1066895,65.81982,-214.7474,-25.81787,38.08594,29.1748,0.0007324219,-13.39453,-7.574219,2.527344,-7771,4271,-24,0.1004639,-0.6185303,-0.4224243,-0.6549683,-26.48848,-23.52263,13.63741
8.354,-0.8071289,-0.310791,0.09887695,58.5126,-215.105,-29.1748,36.56006,33.75244,0.0007324219,-13.72266,-4.972656,1.351563,-7771,4271,-24,0.1058541,-0.6161723,-0.4116099,-0.6632113,-25.26886,-21.87569,13.93979
8.383,-0.8293457,-0.2456055,0.06860352,51.53823,-217.8056,-23.68164,34.66797,29.84619,0.0007324219,-12.32813,-4.222656,1.519531,-7771,4271,-24,0.1105957,-0.614502,-0.4003906,-0.6707764,-24.09629,-20.27583,14.14867
8.414,-0.8476563,-0.2197266,-0.03930664,43.8223,-228.544,-12.3291,32.34863,24.23096,0.0007324219,-13.83594,-3.949219,1.535156,-7771,4271,-24,0.1162527,-0.6119881,-0.3917722,-0.6772122,-23.09634,-18.85152,14.33383
8.444,-0.9030762,-0.2558594,-0.1921387,38.40289,-230.0015,-9.82666,26.61133,22.2168,0.0007324219,-14.375,-2.863281,-1.824219,-7771,4271,-24,0.1220093,-0.6092529,-0.3850098,-0.6824341,-22.2596,-17.61769,14.47976
8.474,-0.9213867,-0.2397461,-0.2453613,34.0989,-214.6528,-11.90186,16.17432,18.85986,0.0007324219,-14.21875,-3.714844,-3.417969,-7771,4271,-24,0.1260309,-0.6078602,-0.3787296,-0.6865044,-21.57054,-16.61718,14.53518
8.504,-0.9562988,-0.1794434,-0.08154297,30.0988,-189.7557,-10.19287,10.19287,14.4043,0.0007324219,-14.69531,-4.152344,-3.117188,-7771,4271,-24,0.1291504,-0.6070557,-0.37323,-0.6896362,-20.99496,-15.79485,14.53869
8.534,-0.9919434,-0.2026367,-0.01782227,26.6241,-161.2988,1.098633,8.972168,13.00049,0.0007324219,-15.84766,-2.527344,-1.039063,-7771,4271,-24,0.1326751,-0.6066311,-0.369893,-0.6910766,-20.51224,-15.20143,14.42257
8.564,-0.8774414,-0.4489746,0.01806641,23.63249,-133.6053,5.432129,9.94873,11.84082,0.0007324219,-15.41016,-5.480469,-0.28125,-7771,4271,-24,0.1361694,-0.6064453,-0.3678589,-0.6917114,-20.10638,-14.75642,14.26403
8.595,-0.9885254,-0.2158203,-0.1113281,21.0098,-115.4379,1.342773,4.943848,8.605957,0.0007324219,-14.65625,-5.335938,-0.4726563,-7771,4271,-24,0.139676,-0.6058596,-0.366771,-0.6921457,-19.78116,-14.38967,14.14612
8.624,-0.9616699,-0.1455078,-0.04418945,18.98254,-100.521,13.30566,7.507324,7.202148,0.0007324219,-15.65625,-2.269531,-1.257813,-7771,4271,-24,0.1428833,-0.6051025,-0.366333,-0.6923218,-19.52988,-14.10537,14.05491
8.654,-0.9951172,-0.1772461,-0.04736328,17.2662,-85.39353,9.094238,1.220703,4.455566,0.0007324219,-15.54688,-2.753906,-0.6757813,-7771,4271,-24,0.1458692,-0.6047765,-0.3667145,-0.6918831,-19.32582,-13.9377,13.91715
8.684,-0.9423828,-0.2966309,0.01904297,15.89936,-71.29437,6.591797,0.5493164,2.380371,0.0007324219,-15.48828,-3.152344,-0.2851563,-7771,4271,-24,0.1486206,-0.6046143,-0.3678589,-0.6907959,-19.17557,-13.87927,13.75054
8.714,-0.9255371,-0.3432617,0.0222168,14.83578,-58.30233,-0.1220703,-1.037598,1.342773,0.0007324219,-15.09766,-5.546875,0.4140625,-7771,4271,-24,0.149059,-0.6046944,-0.3680726,-0.6903773,-19.1453,-13.88486,13.69933
8.745,-0.9580078,-0.229248,-0.01513672,14.04396,-46.2503,2.990723,-0.1831055,-0.793457,0.0007324219,-14.91016,-4.683594,0.0625,-7771,4271,-24,0.149231,-0.6049805,-0.3681641,-0.6901245,-19.12192,-13.89588,13.65285
8.774,-0.9577637,-0.2797852,0.009765625,13.5364,-36.05441,11.90186,2.685547,-1.586914,0.0007324219,-15.28516,-3.480469,-0.515625,-7771,4271,-24,0.1503207,-0.6045194,-0.3693837,-0.6895858,-19.13029,-13.93248,13.62806
8.804,-0.9306641,-0.3364258,0.07739258,13.05108,-27.56969,9.521484,0.4272461,-2.01416,0.0007324219,-15.21875,-5.398438,0.5078125,-7771,4271,-24,0.1522827,-0.6033936,-0.3718872,-0.6888428,-19.18252,-14.00844,13.6291
8.835,-0.9406738,-0.3244629,-0.002685547,12.6478,-20.98782,5.554199,-0.7324219,-2.13623,0.0007324219,-15.10156,-5.503906,0.4335938,-7771,4271,-24,0.1532634,-0.6028708,-0.3735761,-0.6881778,-19.23242,-14.09516,13.61518
8.864,-0.9304199,-0.3496094,0.04125977,12.12515,-17.361,10.25391,2.197266,-1.77002,0.0007324219,-14.80078,-4.839844,0.1679688,-7771,4271,-24,0.1538696,-0.6025391,-0.375,-0.687561,-19.28665,-14.18824,13.60082
8.896,-0.9152832,-0.3828125,0.04980469,11.4639,-16.61208,6.469727,0.8544922,-1.708984,0.0007324219,-14.64453,-6.214844,0.8046875,-7771,4271,-24,0.1544787,-0.6020647,-0.3764415,-0.6870621,-19.34967,-14.27516,13.60606
8.925,-0.9335938,-0.3457031,0.02026367,11.53502,-14.44114,-0.9765625,-1.098633,-1.342773,0.0007324219,-14.80859,-5.878906,0.546875,-7771,4271,-24,0.1549072,-0.6016235,-0.3776245,-0.6867065,-19.41006,-14.3485,13.62144
8.955,-0.9365234,-0.3041992,0.02905273,11.9253,-9.14717,0.1220703,0.8544922,-1.342773,0.0007324219,-14.99219,-5.433594,0.2460938,-7771,4271,-24,0.1548767,-0.6013105,-0.3779711,-0.6867371,-19.44991,-14.37259,13.65738
8.985,-0.9304199,-0.3146973,-0.007324219,11.64686,-5.290811,1.953125,1.403809,-2.13623,0.0007324219,-14.99609,-4.96875,0.2851563,-7771,4271,-24,0.1546631,-0.6010742,-0.3781128,-0.6869507,-19.48993,-14.38666,13.7042
9.015,-0.954834,-0.1943359,-0.03125,10.938,-4.781838,-4.211426,-1.403809,-4.699707,0.0007324219,-14.82422,-4.585938,0.015625,-7771,4271,-24,0.1539832,-0.6007769,-0.3784019,-0.6872003,-19.58048,-14.4438,13.78335
9.045,-1.032959,-0.046875,-0.07177734,10.18303,-8.135829,4.333496,1.281738,-9.033203,0.0007324219,-16.00781,-0.8984375,-1.105469,-7771,4271,-24,0.15271,-0.6004639,-0.3787231,-0.687561,-19.72303,-14.54128,13.90011
9.075,-0.8811035,-0.4060059,0.008789063,9.220147,-16.67623,4.516602,0.4272461,-8.666992,0.0007324219,-15.45703,-3.238281,-0.4257813,-7771,4271,-24,0.1513794,-0.5998196,-0.37992,-0.6877191,-19.94128,-14.71773,14.05053
9.105,-0.9118652,-0.3911133,0.015625,9.810523,-17.72284,-9.765625,-6.103516,-11.35254,0.0007324219,-14,-8.152344,0.9257813,-7771,4271,-24,0.1497803,-0.598877,-0.382019,-0.6878052,-20.25465,-14.9859,14.25154
9.135,-1.01123,-0.04394531,-0.1323242,11.58355,-4.439867,-0.8544922,-7.385254,-18.37158,0.0007324219,-15.60156,-2.789063,-1.195313,-7771,4271,-24,0.1468462,-0.5984236,-0.3844778,-0.6875153,-20.67387,-15.40364,14.45838
9.165,-0.9589844,-0.02905273,-0.2131348,12.55754,12.27584,10.68115,-12.39014,-23.4375,0.0007324219,-16.17969,0.1875,-2.839844,-7771,4271,-24,0.1426392,-0.5981445,-0.3875732,-0.6868286,-21.22797,-15.98537,14.69931
9.195,-0.9604492,0.0234375,-0.3361816,13.28958,26.01707,3.295898,-30.63965,-32.77588,0.0007324219,-14.99219,-0.6953125,-4.015625,-7771,4271,-24,0.1362909,-0.5993195,-0.3927305,-0.6842055,-22.02156,-16.99538,14.83706
9.225,-0.9416504,-0.1413574,-0.3051758,15.29605,39.80061,6.896973,-44.12842,-38.39111,0.0007324219,-16.47266,0.6210938,-6.203125,-7771,4271,-24,0.1276245,-0.6020508,-0.3999023,-0.6793213,-23.08762,-18.4571,14.85157
9.256,-0.6022949,-0.7675781,0.1208496,18.558,52.77369,14.16016,-47.48535,-29.60205,0.0007324219,-12.47656,-6.335938,-0.7421875,-7771,4271,-24,0.1169936,-0.6064057,-0.4074709,-0.6727178,-24.32476,-20.18914,14.73063
9.285,-0.5942383,-0.892334,0.269043,22.37225,70.21213,-23.07129,-63.04932,-29.29688,0.0007324219,-8.871094,-15.375,2.097656,-7771,4271,-24,0.1050415,-0.6123657,-0.4153442,-0.6644897,-25.70971,-22.13134,14.45166
9.316,-0.8684082,-0.4931641,0.02612305,27.5581,99.94542,-25.32959,-65.18555,-31.61621,0.0007324219,-10.55078,-10.41406,2.179688,-7771,4271,-24,0.08965216,-0.6200248,-0.4183128,-0.6572356,-27.05967,-23.91309,14.23318
9.345,-1.00415,-0.3164063,0.2905273,32.29381,128.8517,-12.51221,-58.04443,-22.88818,0.0007324219,-17.03516,-5.609375,1.296875,-7771,4271,-24,0.07269287,-0.6288452,-0.4194946,-0.6506958,-28.44623,-25.65237,14.07385
9.376,-0.7368164,-0.4309082,0.5124512,37.6452,150.1743,10.25391,-43.76221,-15.56396,0.0007324219,-13.12109,-6.195313,7.671875,-7771,4271,-24,0.06500233,-0.6351546,-0.4240634,-0.6423694,-29.42053,-27.03331,13.50348
9.406,-0.9250488,-0.4633789,0.4411621,44.89727,173.3064,23.98682,-30.63965,-14.77051,0.0007324219,-11.86719,-7.679688,8.964844,-7771,4271,-24,0.06164551,-0.6400146,-0.430542,-0.6334839,-30.24442,-28.24812,12.75986
9.436,-0.8950195,-0.4230957,0.3400879,53.8596,203.3913,31.61621,-15.56396,-9.765625,0.0007324219,-15.55469,-7.117188,6.058594,-7771,4271,-24,0.06202698,-0.6421367,-0.4365638,-0.6268897,-30.74436,-29.00738,12.14938
9.466,-0.8012695,-0.5629883,0.3295898,61.82375,231.0412,20.62988,-8.605957,-1.525879,0.0007324219,-14.02734,-8.632813,4.9375,-7771,4271,-24,0.06469727,-0.6430664,-0.4429932,-0.6213989,-31.08114,-29.55275,11.56556
9.496,-0.7653809,-0.4335938,0.2453613,69.6933,254.4001,15.80811,-11.53564,-2.624512,0.0007324219,-12.03516,-8.621094,4.328125,-7771,4271,-24,0.06594224,-0.6444301,-0.4471375,-0.6168684,-31.35666,-29.98919,11.07058
9.526,-0.8056641,-0.5581055,0.2587891,75.82118,260.2211,17.8833,-12.87842,-0.7324219,0.0007324219,-11.46484,-8.378906,5.207031,-7771,4271,-24,0.0670166,-0.6456909,-0.4501343,-0.6132202,-31.5508,-30.3085,10.64393
9.556,-0.918457,-0.5612793,0.4550781,80.89962,241.6819,10.43701,-7.080078,0,0.0007324219,-14.23438,-9.53125,4.800781,-7771,4271,-24,0.0679174,-0.6464708,-0.4526837,-0.6104188,-31.71585,-30.56283,10.32651
9.586,-0.6801758,-0.6257324,0.5603027,88.59233,225.7325,11.1084,5.187988,-2.746582,0.0007324219,-13.5625,-9.734375,7.976563,-7771,4271,-24,0.06866455,-0.6469727,-0.4546509,-0.6083374,-31.83915,-30.7495,10.09083
9.616,-0.9318848,-0.5893555,0.2119141,98.09691,231.5631,6.896973,6.958008,-1.89209,0.0007324219,-13.59766,-10.12109,6.023438,-7771,4271,-24,0.06988335,-0.646347,-0.4559894,-0.6083908,-31.83302,-30.74443,10.08436
9.646,-0.7480469,-0.6467285,0.09326172,103.7462,233.1282,1.525879,2.929688,5.126953,0.0007324219,-11.34766,-10.11719,2.757813,-7771,4271,-24,0.07141113,-0.6447144,-0.4568481,-0.6087646,-31.77146,-30.6613,10.15995
9.676,-0.861084,-0.6159668,0.1801758,107.5562,225.4472,-2.868652,-3.601074,5.310059,0.0007324219,-12.5,-10.63672,2.292969,-7771,4271,-24,0.07141113,-0.6451263,-0.4562225,-0.6087646,-31.72289,-30.61878,10.11909
9.706,-0.737793,-0.515625,0.2314453,112.3955,209.5433,-4.211426,-3.540039,6.591797,0.0007324219,-13.23047,-8.484375,3.351563,-7771,4271,-24,0.07141113,-0.6464844,-0.4544067,-0.6087646,-31.58002,-30.49639,9.987372
9.736,-0.8557129,-0.4338379,0.1621094,117.5494,182.3726,-3.173828,-7.446289,4.760742,0.0007324219,-13.76563,-7.515625,2.25,-7771,4271,-24,0.07083893,-0.6479129,-0.4533252,-0.6082115,-31.55232,-30.49816,9.849485
9.766,-0.8427734,-0.3945313,0.3586426,121.9215,157.4972,-0.6103516,-8.422852,-0.9765625,0.0007324219,-13.66797,-6.804688,3.878906,-7771,4271,-24,0.06958008,-0.6497803,-0.4523315,-0.6069946,-31.60449,-30.59453,9.665966
9.797,-0.763916,-0.4150391,0.3671875,126.001,151.1867,3.479004,-5.249023,-3.173828,0.0007324219,-12.0625,-6.179688,6.386719,-7771,4271,-24,0.06914915,-0.6504748,-0.4532497,-0.605488,-31.74093,-30.77027,9.523495
9.826,-0.8833008,-0.5080566,0.2961426,128.7184,143.4247,10.25391,-3.662109,-4.943848,0.0007324219,-12.92188,-7.335938,5.445313,-7771,4271,-24,0.06896973,-0.6507568,-0.4555054,-0.6036377,-31.96346,-31.03515,9.384887
9.857,-0.7905273,-0.5410156,0.2280273,130.8531,122.9748,5.004883,-3.723145,-5.187988,0.0007324219,-13.25,-8.429688,4.277344,-7771,4271,-24,0.06850128,-0.6507248,-0.4572871,-0.6023096,-32.16644,-31.26161,9.3269
9.887,-0.8327637,-0.5661621,0.2509766,133.0359,101.1821,2.13623,-5.79834,-3.173828,0.0007324219,-13.39453,-9.085938,3.421875,-7771,4271,-24,0.06793213,-0.6505127,-0.4591064,-0.6012573,-32.37437,-31.48399,9.312908
9.917,-0.7966309,-0.5366211,0.2734375,135.1168,84.49672,0.06103516,-6.408691,-0.7324219,0.0007324219,-12.75391,-8.929688,4.195313,-7771,4271,-24,0.06708978,-0.6509372,-0.4597055,-0.6002347,-32.51447,-31.64362,9.253227
9.947,-0.7910156,-0.5107422,0.3706055,135.4028,64.93396,0.4882813,-3.723145,-0.5493164,0.0007324219,-12.53906,-8.566406,4.316406,-7771,4271,-24,0.065979,-0.6519165,-0.4599609,-0.5993042,-32.64569,-31.79803,9.170205
9.977,-0.8195801,-0.489502,0.3972168,135.5094,47.14625,3.234863,0.6103516,0.6713867,0.0007324219,-13.48438,-7.828125,6.339844,-7771,4271,-24,0.06616211,-0.6520056,-0.4604778,-0.5986885,-32.68359,-31.85051,9.104578
10.007,-0.7641602,-0.5048828,0.2873535,135.3593,28.7977,3.479004,3.051758,1.098633,0.0007324219,-12.44922,-7.996094,5.488281,-7771,4271,-24,0.06695557,-0.6520386,-0.4610596,-0.5982666,-32.66802,-31.84999,9.021166
10.037,-0.8200684,-0.5146484,0.2866211,134.9493,9.906038,5.981445,4.577637,0.4882813,0.0007324219,-12.6875,-7.945313,4.179688,-7771,4271,-24,0.06815523,-0.6514549,-0.4617864,-0.5983543,-32.61788,-31.8001,9.006317
10.067,-0.8317871,-0.4611816,0.3134766,133.1241,-10.92734,7.263184,8.789063,-0.8544922,0.0007324219,-13.79688,-7.449219,4.863281,-7771,4271,-24,0.07000732,-0.6501465,-0.4626465,-0.5987549,-32.51876,-31.69023,9.036174
10.097,-0.765625,-0.4665527,0.2727051,129.4949,-35.33839,6.958008,7.141113,-1.586914,0.0007324219,-12.5625,-7.453125,4.707031,-7771,4271,-24,0.07173636,-0.6488039,-0.4638765,-0.599044,-32.45961,-31.62118,9.071705
10.127,-0.842041,-0.5083008,0.2727051,126.6717,-60.57843,8.544922,6.469727,-3.173828,0.0007324219,-12.94141,-7.726563,4.375,-7771,4271,-24,0.0736084,-0.6471558,-0.4654541,-0.5993652,-32.41465,-31.56264,9.129576
10.157,-0.8059082,-0.5632324,0.314209,123.8965,-81.69169,8.666992,8.850098,-2.746582,0.0007324219,-13.20313,-8.316406,4.894531,-7771,4271,-24,0.07543179,-0.6453028,-0.4671052,-0.5998448,-32.37709,-31.50499,9.221694
10.187,-0.8259277,-0.5847168,0.3491211,120.9181,-95.86871,6.652832,10.62012,-2.868652,0.0007324219,-12.89453,-9.226563,5.046875,-7771,4271,-24,0.07727051,-0.6431885,-0.4689331,-0.6004639,-32.35021,-31.45144,9.348008
10.218,-0.8171387,-0.574707,0.3681641,117.6938,-100.1496,4.516602,12.93945,-1.831055,0.0007324219,-13.33594,-8.988281,5.558594,-7771,4271,-24,0.07923407,-0.6407857,-0.4701851,-0.60172,-32.25996,-31.31709,9.538607
10.247,-0.822998,-0.5883789,0.3679199,113.5107,-104.2767,5.67627,16.60156,-1.403809,0.0007324219,-13.05859,-9.226563,5.921875,-7771,4271,-24,0.08111572,-0.6383057,-0.4710693,-0.6034546,-32.14186,-31.14125,9.778059
10.278,-0.838623,-0.6308594,0.3730469,108.005,-120.952,4.272461,20.93506,-2.807617,0.0007324219,-13.13281,-9.996094,5.804688,-7771,4271,-24,0.08361648,-0.6349918,-0.471773,-0.6060238,-31.95094,-30.86327,10.11561
10.307,-0.8232422,-0.6166992,0.3164063,103.4236,-138.0501,-2.319336,23.25439,1.708984,0.0007324219,-13.21094,-10.22656,5.230469,-7771,4271,-24,0.08630371,-0.6313477,-0.472229,-0.6091919,-31.72354,-30.52567,10.51652
10.338,-0.8151855,-0.5566406,0.3476563,98.5987,-151.8465,-5.310059,25.63477,5.859375,0.0007324219,-13.39063,-9.015625,5.109375,-7771,4271,-24,0.08909074,-0.6279618,-0.4708536,-0.6134256,-31.34122,-30.00154,10.95971
10.368,-0.8081055,-0.5849609,0.2902832,94.06707,-159.1854,-10.13184,26.97754,8.483887,0.0007324219,-13.19531,-8.875,5.273438,-7771,4271,-24,0.09185791,-0.6248169,-0.4677124,-0.6184692,-30.82837,-29.31442,11.42929
10.398,-0.8371582,-0.484375,0.3095703,89.6479,-157.1624,-15.80811,29.1748,11.53564,0.0007324219,-12.87109,-9.292969,4.273438,-7771,4271,-24,0.09473748,-0.6217258,-0.4634927,-0.6243366,-30.22767,-28.50009,11.93663
10.428,-0.8190918,-0.4580078,0.3173828,84.31689,-156.0253,-15.50293,34.42383,14.22119,0.0007324219,-13.45703,-7.207031,4.6875,-7771,4271,-24,0.09771729,-0.6187134,-0.4575806,-0.6311646,-29.49987,-27.50554,12.47891
10.458,-0.8764648,-0.418457,0.2282715,78.3709,-163.5098,-14.22119,36.74316,15.625,0.0007324219,-13.78516,-6.949219,4.582031,-7771,4271,-24,0.101987,-0.6151664,-0.4516598,-0.6381463,-28.69261,-26.39671,12.98928
10.488,-0.7907715,-0.5085449,0.1437988,72.35528,-174.892,-17.51709,39.00146,20.81299,0.0007324219,-13.27344,-7.117188,2.898438,-7771,4271,-24,0.1072998,-0.6112671,-0.4451294,-0.6455688,-27.78519,-25.13533,13.48425
10.518,-0.8378906,-0.4433594,0.0769043,66.0816,-188.3345,-24.23096,33.20313,23.98682,0.0007324219,-12.89844,-7.226563,1.320313,-7771,4271,-24,0.1114161,-0.608588,-0.4369276,-0.6530218,-26.86388,-23.83656,13.91471
10.548,-0.814209,-0.380127,0.05859375,60.74667,-195.4549,-27.22168,30.63965,24.96338,0.0007324219,-13.25,-6.34375,1.125,-7771,4271,-24,0.1151123,-0.6065063,-0.4272461,-0.6606445,-25.88781,-22.44305,14.29414
10.578,-0.7946777,-0.3737793,0.1022949,55.96883,-191.3207,-30.33447,28.74756,28.56445,0.0007324219,-13.83203,-6.132813,1.039063,-7771,4271,-24,0.1184835,-0.6051463,-0.4174435,-0.6675818,-24.94133,-21.09315,14.5633
10.608,-0.876709,-0.3161621,0.06616211,49.5985,-188.9107,-27.03857,25.81787,24.41406,0.0007324219,-12.73438,-6.210938,1.960938,-7771,4271,-24,0.121521,-0.6043091,-0.4070435,-0.6741333,-23.99092,-19.73613,14.75337
10.638,-0.8806152,-0.1999512,-0.0847168,42.11504,-195.646,-18.06641,25.32959,22.33887,0.0007324219,-14.58594,-3.277344,-0,-7771,4271,-24,0.1250648,-0.6030526,-0.3986953,-0.6796131,-23.17944,-18.545,14.8997
10.668,-0.9262695,-0.2036133,-0.2009277,36.01638,-202.4679,-13.5498,17.8833,18.85986,0.0007324219,-14.62891,-3.191406,-2.414063,-7771,4271,-24,0.1288452,-0.6016846,-0.3914185,-0.6843262,-22.44657,-17.45311,15.00257
10.698,-0.9763184,-0.1098633,-0.1916504,30.55121,-207.922,-16.17432,9.765625,15.68604,0.0007324219,-15.41406,-2.648438,-3.226563,-7771,4271,-24,0.1314377,-0.6016922,-0.3853474,-0.6874954,-21.84403,-16.63115,14.96702
10.728,-0.9929199,-0.1079102,-0.1569824,26.26763,-201.6634,-2.075195,6.469727,9.94873,0.0007324219,-15.80078,-1.582031,-2.875,-7771,4271,-24,0.1334229,-0.6017456,-0.3803101,-0.6896362,-21.35673,-15.98347,14.90585
10.759,-0.956543,-0.2287598,-0.05908203,22.7311,-177.4738,10.00977,5.371094,3.967285,0.0007324219,-15.58594,-2.378906,-1.628906,-7771,4271,-24,0.1361649,-0.6013045,-0.3803185,-0.6896362,-21.15461,-15.78135,14.80597
10.788,-0.9208984,-0.4367676,0.03149414,19.78542,-147.9505,5.249023,2.441406,3.234863,0.0007324219,-15.05469,-5.300781,-0.5390625,-7771,4271,-24,0.1389771,-0.6004028,-0.3803711,-0.6896362,-20.96943,-15.57062,14.74181
10.82,-0.9228516,-0.3696289,0.009521484,17.03122,-123.1568,-3.723145,-1.647949,3.051758,0.0007324219,-14.63281,-6.835938,0.5390625,-7771,4271,-24,0.1396121,-0.6005826,-0.3800016,-0.6895532,-20.88431,-15.50134,14.68281
10.849,-0.9091797,-0.2998047,-0.02587891,15.28727,-100.9328,3.78418,0.3662109,3.051758,0.0007324219,-15.03125,-5.128906,-0.4179688,-7771,4271,-24,0.1398315,-0.6011963,-0.3792725,-0.6893921,-20.78865,-15.4426,14.59618
10.879,-0.958252,-0.1894531,-0.003662109,14.0119,-81.77128,8.544922,0.5493164,1.403809,0.0007324219,-15.00781,-3.570313,-0.5820313,-7771,4271,-24,0.1411815,-0.601181,-0.3798551,-0.6887509,-20.71238,-15.4213,14.49972
10.909,-0.9533691,-0.3254395,0.07080078,12.70732,-65.80478,7.873535,-1.037598,1.098633,0.0007324219,-15.27344,-3.964844,0.4726563,-7771,4271,-24,0.1434326,-0.6010742,-0.3813477,-0.687561,-20.62298,-15.43169,14.34798
10.939,-0.9294434,-0.3518066,0.002685547,11.5432,-52.78439,3.112793,-2.746582,0.5493164,0.0007324219,-14.76563,-5.441406,0.5585938,-7771,4271,-24,0.1441834,-0.6012329,-0.3821417,-0.6867705,-20.60052,-15.47913,14.26048
10.97,-0.9189453,-0.3759766,0.04931641,11.5752,-37.84015,3.356934,-0.793457,0.3662109,0.0007324219,-14.91016,-5.792969,0.234375,-7771,4271,-24,0.1445313,-0.6016235,-0.3828125,-0.6860352,-20.59363,-15.54646,14.17487
10.999,-0.9052734,-0.4101563,0.06713867,11.77521,-24.73101,-1.159668,-1.89209,1.77002,0.0007324219,-14.57813,-6.523438,1.300781,-7771,4271,-24,0.144524,-0.6020401,-0.3827763,-0.685651,-20.57003,-15.56697,14.11418
11.029,-0.9360352,-0.3342285,0.01782227,11.65268,-13.88029,-0.8544922,-1.037598,2.075195,0.0007324219,-14.48828,-5.941406,0.640625,-7771,4271,-24,0.1444702,-0.6026001,-0.3825073,-0.6854248,-20.53046,-15.56726,14.05041
11.059,-0.932373,-0.3166504,0.04833984,11.2966,-6.237604,5.249023,1.464844,1.953125,0.0007324219,-14.98438,-5.007813,0.4648438,-7771,4271,-24,0.1451708,-0.6025772,-0.3827543,-0.6850511,-20.48723,-15.55265,13.99746
11.089,-0.9291992,-0.3562012,0.04785156,11.02759,-3.380956,4.089355,1.037598,1.403809,0.0007324219,-15.06641,-5.292969,0.7148438,-7771,4271,-24,0.1467285,-0.602417,-0.3833618,-0.6846313,-20.40474,-15.50525,13.9185
11.12,-0.9196777,-0.3649902,0.04858398,10.74785,-6.437767,-3.417969,-0.2441406,1.342773,0.0007324219,-14.64453,-6.335938,0.7148438,-7771,4271,-24,0.1466864,-0.6025468,-0.3830123,-0.6847015,-20.37951,-15.47887,13.90784
11.149,-0.9487305,-0.2922363,0.003662109,10.75577,-7.68088,-3.662109,0.1831055,0.5493164,0.0007324219,-15.28906,-4.660156,0.296875,-7771,4271,-24,0.1464233,-0.6028442,-0.3821411,-0.6849976,-20.33199,-15.41892,13.89937
11.179,-0.9433594,-0.2973633,0.015625,10.89834,-5.413193,-5.371094,-0.8544922,-0.793457,0.0007324219,-14.87891,-4.820313,0.234375,-7771,4271,-24,0.1458055,-0.6030579,-0.3814406,-0.685331,-20.32882,-15.39549,13.92073
11.209,-0.9416504,-0.2536621,0.0009765625,10.89483,-2.2912,-4.211426,-1.037598,-2.807617,0.0007324219,-15.20313,-4.253906,0.2929688,-7771,4271,-24,0.1447144,-0.6032715,-0.3806763,-0.685791,-20.36102,-15.39543,13.97231
11.24,-0.9794922,-0.1904297,-0.01220703,10.8668,-0.2164548,-1.342773,-1.525879,-6.591797,0.0007324219,-15.04688,-3.933594,-0.1523438,-7771,4271,-24,0.1439371,-0.6029072,-0.3811495,-0.6860486,-20.47459,-15.47302,14.06686
11.27,-0.9699707,-0.1628418,-0.01123047,10.86829,0.8802124,5.981445,1.89209,-9.399414,0.0007324219,-15.875,-2.828125,-0.6132813,-7771,4271,-24,0.1432495,-0.6020508,-0.3824463,-0.6862183,-20.65682,-15.60748,14.20765
11.3,-0.9555664,-0.1726074,-0.0559082,10.8779,0.4630927,6.103516,-1.098633,-14.52637,0.0007324219,-15.42578,-2.664063,-0.8007813,-7771,4271,-24,0.1418366,-0.60099,-0.3849228,-0.686015,-20.98316,-15.90374,14.39843
11.33,-0.9851074,-0.1335449,-0.08666992,11.27434,1.723525,5.371094,-8.239746,-22.2168,0.0007324219,-15.46875,-2.273438,-1.039063,-7771,4271,-24,0.1398315,-0.5995483,-0.388916,-0.6854858,-21.47418,-16.37588,14.6568
11.36,-0.8850098,-0.2558594,-0.1130371,12.1355,7.030563,-0.4272461,-16.60156,-26.00098,0.0007324219,-15.36328,-3.28125,-1.707031,-7771,4271,-24,0.1347998,-0.5997353,-0.3928453,-0.6842799,-22.13546,-17.11487,14.88526
11.39,-0.9414063,-0.1357422,-0.2468262,13.17556,14.99224,-7.629395,-30.39551,-31.92139,0.0007324219,-14.11328,-3.503906,-2.734375,-7771,4271,-24,0.1265869,-0.600647,-0.3972778,-0.682251,-23.06295,-18.17161,15.17313
11.42,-0.762207,-0.3439941,0.0007324219,14.55245,24.92847,13.85498,-22.70508,-25.57373,0.0007324219,-16.55078,-1.078125,-2.5,-7771,4271,-24,0.119782,-0.6019716,-0.4036456,-0.6785902,-23.9976,-19.36215,15.28563
11.45,-0.6989746,-0.7351074,0.03442383,16.56147,37.42117,9.82666,-41.3208,-35.5835,0.0007324219,-10.44922,-10.12891,0.2070313,-7771,4271,-24,0.112854,-0.6040039,-0.4117432,-0.6730957,-25.05449,-20.79154,15.25275
11.48,-0.9023438,-0.3564453,-0.02172852,19.25484,51.95931,-4.516602,-42.84668,-29.41895,0.0007324219,-13.52344,-9.035156,0.8359375,-7771,4271,-24,0.1034447,-0.6074459,-0.4181876,-0.6673572,-26.18925,-22.29444,15.19642
11.51,-0.7949219,-0.3752441,0.02734375,23.11444,71.5634,3.540039,-49.31641,-31.98242,0.0007324219,-13.17578,-5.113281,0.8476563,-7771,4271,-24,0.09210205,-0.6124268,-0.4241333,-0.6607666,-27.44866,-23.95279,15.06553
11.54,-0.7670898,-0.5024414,0.3688965,28.24844,98.80358,2.01416,-48.88916,-27.34375,0.0007324219,-13.61719,-6.351563,1.070313,-7771,4271,-24,0.08281513,-0.6169786,-0.431208,-0.6531487,-28.67901,-25.59041,14.8052
11.57,-0.6030273,-0.7490234,0.4650879,32.60879,123.0497,10.19287,-46.14258,-25.26855,0.0007324219,-5.890625,-12.66797,8.734375,-7771,4271,-24,0.07421875,-0.6217651,-0.4389038,-0.6444702,-29.94559,-27.27311,14.41717
11.6,-1.191162,-0.307373,0.2514648,36.73576,139.1117,15.31982,-29.1748,-26.9165,0.0007324219,-21.21094,-6.636719,3.375,-7039.438,-684,-24,0.06804134,-0.6244952,-0.4466986,-0.6370856,-31.07791,-28.70216,14.14047
11.63,-0.8256836,-0.5632324,0.2719727,43.35487,157.8328,28.44238,-24.78027,-25.02441,0.0007324219,-14.53125,-7.101563,5.207031,-5430,-11585,-24,0.06341553,-0.6262207,-0.4547729,-0.630188,-32.13002,-30.0014,13.8788
11.661,-0.7978516,-0.4077148,0.2734375,52.278,185.2219,9.765625,-23.4375,-10.31494,0.0007324219,-13.77344,-9.195313,3.746094,-5430,-11585,-24,0.06148642,-0.628083,-0.4613333,-0.6238038,-32.84502,-30.95258,13.43657
11.69,-0.6625977,-0.5263672,0.2841797,58.53584,206.1933,27.771,-17.63916,-9.765625,0.0007324219,-8.140625,-7.878906,6.121094,-5430,-11585,-24,0.06072998,-0.6295776,-0.4665527,-0.6184082,-33.3624,-31.66061,12.996
11.721,-1.077637,-0.5708008,0.1364746,64.42674,221.0689,10.0708,-25.5127,-10.37598,0.0007324219,-16.27734,-9.226563,2.816406,-5430,-11585,-24,0.05894605,-0.6318702,-0.4705179,-0.6131472,-33.8735,-32.34828,12.54418
11.75,-0.7727051,-0.6140137,0.3022461,70.47982,226.4836,4.760742,-16.6626,4.150391,0.0007324219,-16.08594,-7.964844,3.082031,-5430,-11585,-24,0.05700684,-0.6343994,-0.4731445,-0.6087036,-34.29106,-32.91,12.1287
11.781,-0.668457,-0.5817871,0.4223633,77.0841,217.6465,5.67627,-14.52637,-2.441406,0.0007324219,-10.79688,-9.328125,6.207031,-5430,-11585,-24,0.05576804,-0.6362569,-0.4752286,-0.6052343,-34.60314,-33.32855,11.79221
11.811,-0.75,-0.5031738,0.4084473,84.77517,213.113,11.04736,-0.1220703,-5.554199,0.0007324219,-10.97656,-7.3125,6.222656,-5430,-11585,-24,0.05493164,-0.6376953,-0.4765625,-0.6027222,-34.81349,-33.61418,11.53289
11.841,-0.8164063,-0.5373535,0.2702637,93.4591,229.3945,13.18359,-0.793457,-6.164551,0.0007324219,-11.38672,-8.417969,6.46875,-5430,-11585,-24,0.0552114,-0.6375791,-0.4788906,-0.60084,-35.00239,-33.84908,11.38707
11.872,-0.8664551,-0.6428223,0.3032227,100.9228,244.94,4.150391,-8.117676,-0.06103516,0.0007324219,-13.80469,-9.515625,4.945313,-5430,-11585,-24,0.05627441,-0.6367188,-0.4818115,-0.5994873,-35.1596,-34.03663,11.29821
11.901,-0.6982422,-0.6010742,0.3562012,107.3223,249.9142,-1.89209,-7.019043,0.4882813,0.0007324219,-13.82031,-10.13281,5.398438,-5430,-11585,-24,0.05561056,-0.637237,-0.482454,-0.5981843,-35.29048,-34.1983,11.19507
11.931,-0.4882813,-0.6337891,0.3457031,113.3857,244.2177,1.708984,-2.868652,-1.647949,0.0007324219,-7.410156,-9.984375,6.277344,-5430,-11585,-24,0.05383301,-0.6386108,-0.4827271,-0.5969849,-35.47757,-34.41699,11.10324
11.961,-0.8527832,-0.6477051,0.2768555,118.9043,225.8256,2.563477,-8.117676,-0.7324219,0.0007324219,-10.60156,-10.40234,4.699219,-5430,-11585,-24,0.05301421,-0.639674,-0.4831404,-0.5955701,-35.60312,-34.58077,10.95366
11.991,-0.8989258,-0.6669922,0.2050781,125.759,211.5836,2.563477,-10.49805,7.568359,0.0007324219,-14.74609,-10.17969,2.898438,-5430,-11585,-24,0.0524292,-0.6408081,-0.4835205,-0.5940552,-35.70928,-34.72893,10.7727
12.021,-0.8659668,-0.6364746,0.239502,133.3761,213.4975,-2.075195,-9.643555,6.103516,0.0007324219,-14.87891,-10.77734,4.0625,-5430,-11585,-24,0.05161472,-0.6427678,-0.4827309,-0.5926825,-35.74233,-34.80786,10.54105
12.051,-0.6896973,-0.5935059,0.234375,139.0217,214.5935,-6.896973,-12.3291,8.117676,0.0007324219,-12.31641,-10.05469,3.476563,-5430,-11585,-24,0.05072021,-0.6454468,-0.480835,-0.5913696,-35.6989,-34.81529,10.25082
12.081,-0.7495117,-0.5668945,0.244873,143.6168,208.6905,-4.699707,-17.21191,9.58252,0.0007324219,-10.34375,-8.886719,3.699219,-5430,-11585,-24,0.04930208,-0.6486284,-0.479027,-0.5894757,-35.72234,-34.90117,9.905672
12.111,-0.838623,-0.4663086,0.40625,147.0099,190.2352,-2.807617,-13.91602,7.873535,0.0007324219,-12.60547,-8.320313,5.265625,-5430,-11585,-24,0.04742432,-0.6524658,-0.4768677,-0.5871582,-35.77337,-35.02359,9.498325
12.141,-0.7436523,-0.4460449,0.4602051,149.4626,156.2041,-2.502441,-8.422852,4.882813,0.0007324219,-13.23047,-7.652344,6.898438,-5430,-11585,-24,0.04658707,-0.6548786,-0.475787,-0.5854267,-35.80731,-35.10777,9.196618
12.171,-0.6872559,-0.4904785,0.4465332,151.4595,119.1737,-0.06103516,-4.821777,2.624512,0.0007324219,-11.48828,-7.425781,6.964844,-5430,-11585,-24,0.04614258,-0.6566772,-0.4751587,-0.5839233,-35.83853,-35.17994,8.941818
12.202,-0.7333984,-0.572998,0.3857422,152.9934,90.76987,1.586914,-2.075195,2.746582,0.0007324219,-11.82031,-8.832031,6.589844,-5430,-11585,-24,0.0462622,-0.6576684,-0.4750671,-0.5829586,-35.84715,-35.21545,8.766115
12.231,-0.6762695,-0.6442871,0.309082,152.9677,63.37669,1.159668,-0.1220703,6.164551,0.0007324219,-12.14844,-10.00391,5.734375,-5430,-11585,-24,0.04675293,-0.6580811,-0.4750366,-0.5823975,-35.81951,-35.20424,8.647988
12.262,-0.6967773,-0.581543,0.4335938,152.766,38.66527,1.953125,2.380371,9.58252,0.0007324219,-10.75,-10.00391,5.425781,-5430,-11585,-24,0.04823854,-0.6586037,-0.4744907,-0.582307,-35.65458,-35.05628,8.489144
12.292,-0.8303223,-0.4487305,0.6403809,151.3909,12.82255,8.239746,11.77979,8.789063,0.0007324219,-12.58594,-8.667969,7.914063,-5430,-11585,-24,0.05084229,-0.6589966,-0.4734497,-0.5822754,-35.3604,-34.7837,8.265069
12.322,-0.8754883,-0.3959961,0.59375,148.5838,-18.3193,17.7002,21.54541,4.577637,0.0007324219,-12.60547,-5.84375,11.69141,-5430,-11585,-24,0.05614928,-0.6574094,-0.4744802,-0.5827838,-34.97024,-34.40524,8.087075
12.352,-1.028809,-0.4526367,0.5270996,145.2462,-50.58141,27.52686,31.18896,0.6713867,0.0007324219,-12.98438,-6.214844,9.085938,-5430,-11585,-24,0.06451416,-0.6537476,-0.4770508,-0.5839233,-34.41615,-33.85156,7.949759
12.382,-0.6975098,-0.619873,0.3098145,140.9059,-81.09378,29.29688,42.84668,-1.464844,0.0007324219,-13.95703,-8.058594,7.449219,-5430,-11585,-24,0.0733526,-0.6480977,-0.4803746,-0.5863962,-33.84664,-33.24173,8.080052
12.412,-0.8129883,-0.7258301,0.1164551,136.6248,-109.9986,26.18408,39.30664,0.2441406,0.0007324219,-10.94141,-10.78906,3.464844,-5430,-11585,-24,0.0836792,-0.6397705,-0.4849854,-0.5904541,-33.22277,-32.52494,8.497019
12.442,-0.8093262,-0.7890625,0.0390625,132.0347,-130.4746,13.18359,32.65381,8.850098,0.0007324219,-13.40234,-12.21875,0.5625,-5430,-11585,-24,0.09126547,-0.6344567,-0.4849472,-0.5943921,-32.50909,-31.72363,8.80502
12.472,-0.7797852,-0.668457,0.08105469,126.1682,-148.5655,0.1831055,25.75684,13.97705,0.0007324219,-12.82422,-11.78516,0.8515625,-5430,-11585,-24,0.09765625,-0.630127,-0.4846802,-0.5988159,-31.87025,-30.98406,9.153475
12.502,-0.7976074,-0.6132813,0.1560059,119.2286,-170.3728,-9.643555,18.00537,17.15088,0.0007324219,-12.26953,-10.48828,1.464844,-5430,-11585,-24,0.1014728,-0.6289095,-0.481669,-0.602951,-31.24281,-30.27777,9.357672
12.532,-0.847168,-0.4660645,0.2788086,112.7215,-189.5023,-16.6626,12.93945,18.12744,0.0007324219,-13.01172,-8.371094,3.308594,-5430,-11585,-24,0.1036987,-0.628418,-0.4753418,-0.6070557,-30.52101,-29.46525,9.559584
12.562,-0.8007813,-0.4216309,0.3583984,106.1166,-207.0672,-21.91162,12.02393,17.7002,0.0007324219,-12.85156,-7.285156,4.617188,-5430,-11585,-24,0.1048064,-0.6288834,-0.4695112,-0.6108522,-29.92568,-28.79063,9.720572
12.592,-0.8496094,-0.4475098,0.3972168,100.6308,-213.0301,-21.05713,11.71875,14.64844,0.0007324219,-12.76563,-6.832031,6.65625,-5430,-11585,-24,0.1052856,-0.630249,-0.4628296,-0.6144409,-29.31764,-28.11513,9.811201
12.623,-0.8710938,-0.4487305,0.3713379,95.6493,-203.7206,-22.76611,15.68604,13.3667,0.0007324219,-14.03516,-6.964844,6.109375,-5430,-11585,-24,0.1057518,-0.6302069,-0.4563172,-0.6191004,-28.72188,-27.39515,10.09643
12.652,-0.8291016,-0.3735352,0.3649902,90.16526,-191.8284,-26.97754,22.46094,16.23535,0.0007324219,-13.89453,-6.808594,5.769531,-5430,-11585,-24,0.1060181,-0.6299438,-0.4501953,-0.6240234,-28.17315,-26.70194,10.4264
12.683,-0.8793945,-0.3901367,0.2780762,83.9124,-186.4281,-26.12305,28.56445,19.28711,0.0007324219,-13.95313,-6.121094,5.375,-5430,-11585,-24,0.107694,-0.6287846,-0.4420768,-0.630692,-27.3516,-25.6629,10.84872
12.712,-0.8400879,-0.4423828,0.2756348,78.26564,-185.2316,-28.07617,32.4707,22.58301,0.0007324219,-13.67969,-7.5625,3.941406,-5430,-11585,-24,0.1104736,-0.626709,-0.4334106,-0.6381226,-26.41661,-24.45004,11.31654
12.743,-0.8708496,-0.4482422,0.2399902,72.2482,-190.2203,-26.30615,37.41455,26.42822,0.0007324219,-13.6875,-7.246094,4.429688,-5430,-11585,-24,0.1138477,-0.6245576,-0.4235089,-0.6462186,-25.35927,-23.05973,11.77011
12.773,-0.8432617,-0.3969727,0.1459961,66.87659,-193.2147,-31.98242,36.31592,28.32031,0.0007324219,-13.26953,-7.539063,2.894531,-5430,-11585,-24,0.1179199,-0.6221313,-0.4130859,-0.6546021,-24.24035,-21.5524,12.19916
12.803,-0.7897949,-0.3291016,0.1767578,61.8008,-188.4054,-34.85107,35.82764,32.10449,0.0007324219,-13.10156,-6.453125,2.164063,-5430,-11585,-24,0.1214901,-0.6202728,-0.4016119,-0.6628081,-23.11322,-20.00626,12.55564
12.833,-0.8376465,-0.206543,0.1352539,54.63391,-191.0267,-34.11865,34.60693,29.35791,0.0007324219,-13.07422,-4.667969,2.671875,-5430,-11585,-24,0.125,-0.6186523,-0.3890991,-0.6710815,-21.95,-18.37387,12.85716
12.863,-0.862793,-0.1845703,-0.09765625,45.9889,-207.8192,-22.03369,32.04346,27.09961,0.0007324219,-13.03516,-3.371094,0.1601563,-5430,-11585,-24,0.1293456,-0.6165541,-0.3789,-0.6780148,-20.94014,-16.90888,13.08468
12.893,-0.901123,-0.2404785,-0.3530273,39.23409,-223.7147,-13.30566,27.22168,26.00098,0.0007324219,-14.05859,-3.441406,-3.570313,-5430,-11585,-24,0.1342773,-0.6141968,-0.369812,-0.6841431,-20.00951,-15.51715,13.25898
12.923,-0.9484863,-0.1330566,-0.2590332,33.1937,-233.1043,-12.02393,19.34814,23.31543,0.0007324219,-14.75391,-2.820313,-5.078125,-5430,-11585,-24,0.1392115,-0.6125118,-0.3628487,-0.6883961,-19.22487,-14.38783,13.29085
12.953,-1.007813,-0.0690918,-0.08203125,28.12888,-228.0334,5.249023,15.31982,16.11328,0.0007324219,-15.96875,-1.425781,-2.617188,-5430,-11585,-24,0.1443481,-0.611145,-0.3574219,-0.6914063,-18.52875,-13.42797,13.23626
12.983,-1.019775,0.07836914,-0.04907227,23.8622,-203.3133,2.563477,2.990723,10.98633,0.0007324219,-15.88672,-0.4648438,0.08984375,-5430,-11585,-24,0.1482294,-0.6112137,-0.3549238,-0.691391,-18.04256,-12.95308,12.98874
13.013,-1.106201,0.1601563,-0.1862793,20.4468,-170.3724,5.79834,-0.2441406,2.380371,0.0007324219,-17.36719,2.625,-2.792969,-5430,-11585,-24,0.1514282,-0.6116943,-0.3538208,-0.6912842,-17.69077,-12.65126,12.76821
13.043,-1.005371,-0.1608887,0.007568359,17.7529,-142.7746,9.643555,3.967285,-1.037598,0.0007324219,-17.25,0.5273438,-1.574219,-5430,-11585,-24,0.1534891,-0.61129,-0.3542061,-0.6910799,-17.56795,-12.53713,12.7
13.073,-0.8464355,-0.4833984,0.08251953,16.57095,-112.0544,2.624512,0.06103516,-1.037598,0.0007324219,-14.50391,-5.820313,1.230469,-5430,-11585,-24,0.1547852,-0.6102905,-0.3557739,-0.6907349,-17.61016,-12.56715,12.73252
13.104,-0.9106445,-0.3852539,0.05615234,16.0323,-80.51096,3.356934,1.525879,-0.2441406,0.0007324219,-13.61719,-7.542969,0.9179688,-5430,-11585,-24,0.1560249,-0.6095892,-0.3572214,-0.6902909,-17.63427,-12.60148,12.73414
13.133,-0.9375,-0.2692871,0.0144043,15.352,-54.09757,19.47021,4.089355,-0.3051758,0.0007324219,-15.85156,-5.03125,0.1367188,-5430,-11585,-24,0.1569214,-0.6089478,-0.3588867,-0.6897583,-17.6965,-12.68278,12.74541
13.164,-0.9711914,-0.2805176,0.007324219,14.7149,-34.45341,19.16504,1.77002,-0.6713867,0.0007324219,-15.33984,-4.691406,0.390625,-5430,-11585,-24,0.1595913,-0.6077331,-0.36215,-0.6885052,-17.74059,-12.78654,12.70696
13.193,-0.9460449,-0.3374023,0.01220703,14.57891,-21.04161,15.07568,1.159668,-2.197266,0.0007324219,-15.48828,-4.390625,0.1367188,-5430,-11585,-24,0.1633911,-0.6062012,-0.3665161,-0.6867065,-17.77498,-12.91511,12.62771
13.224,-0.9133301,-0.3203125,0.02636719,14.5206,-14.47794,3.601074,1.037598,-0.06103516,0.0007324219,-14.90234,-5.011719,0.07421875,-5430,-11585,-24,0.1640654,-0.6059309,-0.3674967,-0.6863058,-17.79384,-12.95788,12.6121
13.253,-0.9255371,-0.3447266,0.006103516,14.30999,-10.73414,-1.647949,-0.3051758,0.9155273,0.0007324219,-14.49219,-5.554688,0.0390625,-5430,-11585,-24,0.1643066,-0.605835,-0.3678589,-0.6861572,-17.80126,-12.97431,12.60632
13.284,-0.9306641,-0.3273926,0.02319336,13.9701,-7.780567,-1.953125,2.075195,1.098633,0.0007324219,-15.07422,-5.367188,0.25,-5430,-11585,-24,0.1643958,-0.6057221,-0.3675542,-0.6863568,-17.78117,-12.93296,12.61868
13.314,-0.9399414,-0.2963867,0.05883789,14.00661,-5.304157,-1.77002,2.075195,2.685547,0.0007324219,-14.96094,-4.875,0.8125,-5430,-11585,-24,0.1644287,-0.6056519,-0.3666382,-0.6868896,-17.72737,-12.83306,12.64017
13.345,-0.9606934,-0.2961426,0.003173828,14.2052,-3.523922,0.7324219,1.159668,2.197266,0.0007324219,-15.13672,-4.574219,0.3125,-5430,-11585,-24,0.1648885,-0.6055343,-0.3663783,-0.6869789,-17.6795,-12.77319,12.62941
13.374,-0.963623,-0.2871094,-0.02587891,13.99446,-2.744996,3.173828,2.258301,-0.1220703,0.0007324219,-15.25391,-4.554688,-0.4453125,-5430,-11585,-24,0.1657104,-0.6054077,-0.366272,-0.6870117,-17.61312,-12.70193,12.60251
13.404,-0.9309082,-0.3063965,0.04101563,13.4669,-3.719659,-2.197266,1.037598,0.1831055,0.0007324219,-15.16797,-5.167969,0.40625,-5430,-11585,-24,0.1654091,-0.6054688,-0.3657972,-0.6872744,-17.6063,-12.67531,12.61917
13.434,-0.9462891,-0.2700195,-0.0246582,13.68245,-3.098077,-11.71875,-3.112793,-1.220703,0.0007324219,-14.84375,-4.777344,0.07421875,-5430,-11585,-24,0.1644897,-0.6056519,-0.3650513,-0.6877441,-17.62818,-12.66462,12.66237
13.464,-0.9604492,-0.2304688,0.001464844,14.3095,-0.5401711,-10.55908,-1.342773,-2.01416,0.0007324219,-15.71094,-3.695313,-0.3632813,-5430,-11585,-24,0.1628211,-0.6061189,-0.3637425,-0.6884111,-17.66184,-12.65879,12.71801
13.494,-0.9538574,-0.248291,0.009521484,14.24594,1.32602,-8.728027,-2.380371,-3.479004,0.0007324219,-15.14844,-3.914063,-0.01953125,-5430,-11585,-24,0.1601563,-0.6069336,-0.3618164,-0.6893311,-17.7212,-12.66965,12.7949
13.524,-0.9765625,-0.1987305,0.001464844,13.9376,2.552275,-6.652832,-2.502441,-5.615234,0.0007324219,-15.55859,-3.742188,-0.171875,-5430,-11585,-24,0.1581511,-0.6071879,-0.3615941,-0.6897844,-17.86156,-12.78031,12.89252
13.554,-0.9533691,-0.1923828,-0.0246582,14.21172,4.215246,-0.4272461,-1.831055,-7.93457,0.0007324219,-15.46094,-2.859375,-0.1835938,-5430,-11585,-24,0.15625,-0.6072998,-0.3615112,-0.6900635,-18.00619,-12.89939,12.98826
13.585,-0.9523926,-0.2067871,-0.06591797,14.9202,5.314717,-3.234863,-5.310059,-10.68115,0.0007324219,-15.42188,-3.875,-0.8789063,-5430,-11585,-24,0.1534225,-0.6074397,-0.3623008,-0.6900382,-18.27834,-13.16854,13.12373
13.614,-1.023682,-0.0002441406,-0.1264648,15.46548,7.673646,-5.859375,-10.74219,-18.18848,0.0007324219,-15.54688,-2.066406,-1.582031,-5430,-11585,-24,0.1502075,-0.6075439,-0.3639526,-0.6898804,-18.64147,-13.54017,13.29147
13.645,-0.9089355,-0.1928711,-0.04101563,16.10619,13.82792,8.728027,-8.239746,-19.77539,0.0007324219,-16.8125,0.1953125,-1.429688,-5430,-11585,-24,0.1459948,-0.6077608,-0.367001,-0.6890182,-19.16792,-14.12861,13.48131
13.674,-0.8955078,-0.2207031,-0.1757813,16.88538,19.92436,-11.2915,-24.59717,-25.87891,0.0007324219,-13.38281,-4.9375,-1.289063,-5430,-11585,-24,0.1412964,-0.6080322,-0.3713379,-0.687439,-19.81648,-14.88873,13.67092
13.705,-0.9470215,-0.05224609,-0.2424316,17.892,23.68729,-0.3051758,-27.09961,-29.66309,0.0007324219,-16.39453,-2.597656,-3.054688,-5430,-11585,-24,0.1333364,-0.6099927,-0.3760203,-0.6846027,-20.68539,-15.99394,13.80839
13.734,-1.000488,0.08227539,-0.4331055,19.39191,29.0424,3.601074,-47.85156,-43.02979,0.0007324219,-15.07031,1.4375,-5.015625,-5430,-11585,-24,0.1233521,-0.6135254,-0.3809814,-0.6806641,-21.70115,-17.34094,13.86044
13.765,-0.8249512,-0.3286133,-0.07348633,21.5729,39.32252,20.32471,-50.59814,-45.41016,0.0007324219,-14.81641,-0.7304688,-5.542969,-5430,-11585,-24,0.1128345,-0.6175236,-0.3901222,-0.6736109,-23.07876,-19.20784,13.78379
13.795,-0.5915527,-0.6240234,0.1965332,24.4579,54.53729,2.075195,-63.78174,-40.16113,0.0007324219,-10.64063,-8.566406,2.351563,-5430,-11585,-24,0.1018066,-0.6222534,-0.4023438,-0.6638184,-24.7752,-21.48755,13.54655
13.825,-0.7514648,-0.4628906,0.246582,28.1778,74.17003,-4.638672,-66.8335,-39.97803,0.0007324219,-10.96484,-8.550781,4.074219,-5430,-11585,-24,0.08846541,-0.6285975,-0.4112321,-0.6541023,-26.47061,-23.68698,13.25505
13.855,-0.935791,-0.4816895,0.2236328,35.23942,110.1432,8.605957,-63.90381,-36.9873,0.0007324219,-13.96094,-7.382813,3.652344,-5430,-11585,-24,0.07312012,-0.6365356,-0.4191284,-0.6433716,-28.32796,-26.02107,12.87842
13.885,-0.7819824,-0.5541992,0.4328613,45.6213,166.5121,18.55469,-46.50879,-21.91162,0.0007324219,-15.42188,-5.902344,4.394531,-5430,-11585,-24,0.06455797,-0.6422698,-0.4274291,-0.6331482,-29.74128,-27.8333,12.31624
13.915,-0.7675781,-0.6291504,0.4521484,55.4747,228.6293,19.71436,-44.7998,-21.1792,0.0007324219,-10.29297,-10.57031,7.363281,-5430,-11585,-24,0.059021,-0.6471558,-0.4356689,-0.6229248,-30.95532,-29.40082,11.61378
13.947,-0.8183594,-0.4621582,0.4958496,66.8576,287.3238,16.90674,-25.39063,-8.239746,0.0007324219,-14.65625,-9.085938,8.035156,-5430,-11585,-24,0.05715115,-0.6506563,-0.4423396,-0.6148152,-31.74616,-30.4538,10.90613
13.975,-0.723877,-0.6279297,0.4692383,75.04372,321.1594,27.46582,-10.43701,-8.422852,0.0007324219,-10.96875,-8.910156,7.6875,-5430,-11585,-24,0.05651855,-0.65271,-0.4470825,-0.6091309,-32.2655,-31.13794,10.38588
14.005,-0.7570801,-0.5617676,0.3283691,82.9021,321.4243,20.26367,-8.972168,-1.77002,0.0007324219,-13.96875,-9.511719,5.652344,-5430,-11585,-24,0.05737305,-0.6538517,-0.4514943,-0.6044544,-32.62338,-31.62492,9.908924
14.035,-0.7773438,-0.6955566,0.3688965,91.23121,304.1062,4.02832,-8.483887,2.075195,0.0007324219,-10.76563,-12.30469,4.621094,-5430,-11585,-24,0.05975342,-0.6543579,-0.4551392,-0.6010132,-32.77064,-31.87139,9.468282
14.065,-0.9160156,-0.5031738,0.3708496,99.5808,288.9125,0.793457,-6.286621,-5.371094,0.0007324219,-13.61328,-9.5,5.339844,-5430,-11585,-24,0.05899611,-0.6553039,-0.4565328,-0.5988521,-32.98958,-32.13976,9.276075
14.096,-0.7626953,-0.4650879,0.3752441,107.7264,273.9154,-0.5493164,-11.47461,-4.089355,0.0007324219,-13.14453,-7.429688,6.050781,-5430,-11585,-24,0.05657959,-0.6563721,-0.4571533,-0.5975952,-33.26861,-32.43817,9.250982
14.126,-0.7626953,-0.4599609,0.2543945,115.3118,268.5758,0.8544922,-14.16016,-6.958008,0.0007324219,-12.60938,-7.105469,4.714844,-5430,-11585,-24,0.05434625,-0.6576839,-0.4587714,-0.5950839,-33.63967,-32.85575,9.099221
14.155,-0.7980957,-0.59375,0.2685547,122.0484,262.0166,7.568359,-18.06641,-9.033203,0.0007324219,-11.50781,-7.632813,5.046875,-5430,-11585,-24,0.05169678,-0.6591797,-0.4608154,-0.592041,-34.09354,-33.3626,8.919035
14.186,-0.7150879,-0.6052246,0.317627,128.7445,248.8935,1.342773,-20.20264,-4.638672,0.0007324219,-11.02734,-9.484375,4.628906,-5430,-11585,-24,0.04869325,-0.6610332,-0.462763,-0.5886883,-34.58153,-33.90742,8.704974
14.215,-0.8759766,-0.6022949,0.359375,136.791,243.8896,1.953125,-14.5874,-7.8125,0.0007324219,-12.22266,-9.582031,5.6875,-5430,-11585,-24,0.04559326,-0.6630249,-0.4645996,-0.5852661,-35.07506,-34.45628,8.477953
14.246,-0.7319336,-0.536377,0.4477539,146.6262,253.52,3.173828,-6.652832,-9.033203,0.0007324219,-13.40625,-9.316406,5.671875,-5430,-11585,-24,0.04338134,-0.6632534,-0.4669075,-0.5829886,-35.49946,-34.90302,8.436518
14.275,-0.8342285,-0.6025391,0.3796387,152.8974,257.6443,5.187988,-6.591797,-8.483887,0.0007324219,-12.17188,-8.957031,6.957031,-5430,-11585,-24,0.04180908,-0.6633301,-0.4692993,-0.5814819,-35.84782,-35.26506,8.431181
14.306,-0.7563477,-0.645752,0.3725586,158.1403,249.4834,2.685547,-2.197266,-6.530762,0.0007324219,-13.35938,-10.25,5.714844,-5430,-11585,-24,0.04060661,-0.6629856,-0.4713875,-0.5803872,-36.13263,-35.55521,8.467018
14.335,-0.7336426,-0.6577148,0.3974609,160.9701,221.1241,3.295898,0.6713867,-4.394531,0.0007324219,-11.72656,-10.17188,6.269531,-5430,-11585,-24,0.03985596,-0.6622314,-0.4731445,-0.5797729,-36.34248,-35.76197,8.543543
14.366,-0.6896973,-0.6564941,0.3840332,162.5871,168.3662,0.3662109,1.708984,1.281738,0.0007324219,-11.59766,-10.61328,6.410156,-5430,-11585,-24,0.03993606,-0.6617421,-0.4737135,-0.579813,-36.37609,-35.79075,8.586651
14.396,-0.7363281,-0.5910645,0.4819336,162.6819,106.4697,2.380371,7.629395,3.173828,0.0007324219,-11.18359,-10.11328,6.828125,-5430,-11585,-24,0.04046631,-0.6613159,-0.473938,-0.5800781,-36.33958,-35.74965,8.609519
14.426,-0.7731934,-0.5952148,0.4580078,162.7147,60.95231,3.173828,13.24463,6.896973,0.0007324219,-12.36719,-9.375,7.589844,-5430,-11585,-24,0.0425702,-0.6603515,-0.4736616,-0.5811397,-36.11097,-35.50931,8.631376
14.456,-0.7158203,-0.6086426,0.380127,160.7949,17.6357,6.652832,18.61572,8.789063,0.0007324219,-11.70313,-9.417969,6.574219,-5430,-11585,-24,0.04663086,-0.6589355,-0.4729004,-0.5831909,-35.65133,-35.03107,8.637513
14.486,-0.7871094,-0.6010742,0.3935547,156.5457,-25.90512,9.399414,24.04785,7.385254,0.0007324219,-11.56641,-9.519531,6.738281,-5430,-11585,-24,0.05135228,-0.6566755,-0.4725238,-0.5856409,-35.1558,-34.50498,8.708484
14.516,-0.7790527,-0.6230469,0.4003906,153.0983,-64.54513,5.371094,25.5127,11.47461,0.0007324219,-12.41406,-9.914063,6.136719,-5430,-11585,-24,0.05737305,-0.6535034,-0.472229,-0.5888062,-34.54129,-33.84471,8.832938
14.546,-0.8999023,-0.5546875,0.2973633,149.397,-94.78368,3.601074,31.25,10.74219,0.0007324219,-15.48438,-9.679688,5.539063,-5430,-11585,-24,0.06324274,-0.650161,-0.4710762,-0.5928457,-33.85998,-33.0947,9.054294
14.576,-0.6970215,-0.6103516,0.3039551,143.5293,-127.2078,5.249023,33.99658,10.86426,0.0007324219,-11.41406,-9.195313,4.847656,-5430,-11585,-24,0.06945801,-0.6463623,-0.4691162,-0.5978394,-33.07746,-32.2148,9.367444
14.606,-0.8591309,-0.559082,0.2685547,135.7984,-159.7457,2.13623,32.4707,9.70459,0.0007324219,-12.76953,-9.40625,4.816406,-5430,-11585,-24,0.07527062,-0.6424743,-0.4672679,-0.6027415,-32.35257,-31.3797,9.708765
14.636,-0.8083496,-0.517334,0.2949219,128.858,-186.8628,1.098633,32.10449,11.35254,0.0007324219,-13.39063,-8.546875,4.367188,-5430,-11585,-24,0.08093262,-0.6383667,-0.46521,-0.6079102,-31.63476,-30.5293,10.09855
14.667,-0.8371582,-0.4643555,0.2687988,121.5869,-215.127,-1.586914,33.02002,9.82666,0.0007324219,-13.35156,-8.550781,4.46875,-5430,-11585,-24,0.08655277,-0.6344749,-0.4628488,-0.6130257,-30.91254,-29.66493,10.46598
14.697,-0.7900391,-0.5185547,0.2453613,115.3657,-229.6088,-2.258301,30.63965,12.20703,0.0007324219,-12.26953,-8.394531,3.996094,-5430,-11585,-24,0.09179688,-0.6308594,-0.4603271,-0.6179199,-30.22713,-28.83049,10.81393
14.727,-0.8623047,-0.5043945,0.2282715,109.6267,-224.8249,-4.577637,28.56445,12.20703,0.0007324219,-13.63281,-8.335938,3.9375,-5430,-11585,-24,0.09670943,-0.627403,-0.4571584,-0.623062,-29.53182,-27.96414,11.18062
14.756,-0.8203125,-0.4833984,0.2216797,103.2671,-215.2096,-7.507324,31.43311,13.3667,0.0007324219,-13.90234,-8.011719,3.554688,-5430,-11585,-24,0.1011963,-0.6242065,-0.4535522,-0.6281738,-28.85395,-27.10078,11.5414
14.787,-0.7941895,-0.5021973,0.1376953,96.0331,-213.7426,-14.70947,28.74756,17.08984,0.0007324219,-12.55078,-7.660156,2.738281,-5430,-11585,-24,0.1049417,-0.6216431,-0.4478698,-0.6342256,-28.08195,-26.09904,11.93711
14.816,-0.8618164,-0.4318848,0.1638184,90.02993,-212.7924,-25.20752,26.42822,21.85059,0.0007324219,-13.75781,-7.308594,1.621094,-5430,-11585,-24,0.1077881,-0.619751,-0.440979,-0.6403198,-27.30453,-25.07368,12.30711
14.847,-0.8532715,-0.3669434,0.2006836,84.0042,-212.6227,-26.12305,26.67236,21.24023,0.0007324219,-13.71094,-6.300781,2.488281,-5430,-11585,-24,0.1104312,-0.6182604,-0.4328287,-0.6468437,-26.45783,-23.94608,12.65821
14.877,-0.9223633,-0.2553711,0.1938477,77.64791,-212.6144,-26.18408,27.89307,20.38574,0.0007324219,-14.01953,-5.390625,2.78125,-5430,-11585,-24,0.1125488,-0.6172485,-0.4237671,-0.6533203,-25.59784,-22.78783,12.9667
14.907,-0.8657227,-0.3181152,0.1572266,71.0581,-210.4458,-17.08984,31.86035,22.76611,0.0007324219,-13.79688,-4.890625,3.25,-5430,-11585,-24,0.1163755,-0.6152416,-0.4159587,-0.6595644,-24.72912,-21.594,13.25128
14.937,-0.8630371,-0.3747559,0.1560059,64.59975,-209.3353,-15.74707,32.71484,21.72852,0.0007324219,-14.17188,-5.207031,2.324219,-5430,-11585,-24,0.1213989,-0.6126099,-0.4085693,-0.6657104,-23.83338,-20.33758,13.51325
14.967,-0.8349609,-0.402832,0.1374512,58.1512,-212.4878,-13.3667,34.42383,23.13232,0.0007324219,-14.03906,-6.347656,1.820313,-5430,-11585,-24,0.1259153,-0.6100192,-0.4008106,-0.6719284,-22.98473,-19.08241,13.78992
14.997,-0.9282227,-0.376709,0.0004882813,52.68752,-210.9827,-29.54102,28.56445,23.55957,0.0007324219,-12.95313,-8.527344,1.929688,-5430,-11585,-24,0.1304932,-0.6072388,-0.3929443,-0.6781616,-22.16595,-17.80641,14.06988
15.027,-0.8620605,-0.1953125,-0.09033203,47.8355,-200.5927,-22.09473,28.01514,25.02441,0.0007324219,-14.53516,-3.011719,-0.7460938,-5430,-11585,-24,0.133931,-0.6057999,-0.3835398,-0.6842035,-21.32071,-16.51149,14.24608
15.057,-0.8220215,-0.2150879,-0.2424316,41.61324,-193.315,-28.9917,18.37158,25.39063,0.0007324219,-13.53125,-4.257813,-3.839844,-5430,-11585,-24,0.1367188,-0.6049805,-0.3729858,-0.6901245,-20.45718,-15.18042,14.35927
15.087,-0.9470215,0.04492188,-0.2460938,34.6219,-194.624,-47.66846,2.258301,23.55957,0.0007324219,-14.40625,-2.207031,-3.835938,-5430,-11585,-24,0.136528,-0.6061554,-0.3622348,-0.6945935,-19.74258,-14.13959,14.33874
15.117,-1.076416,0.07495117,-0.0793457,29.27918,-195.0278,-15.74707,6.958008,14.95361,0.0007324219,-17.10547,2.53125,-3.246094,-5430,-11585,-24,0.1351929,-0.6091919,-0.3509521,-0.6981812,-18.99804,-13.21014,14.13664
15.148,-1.027832,-0.08520508,-0.1166992,24.5566,-192.6691,2.990723,1.953125,2.319336,0.0007324219,-17.67188,0.0859375,-1.628906,-5430,-11585,-24,0.1362071,-0.6091161,-0.3498966,-0.6986385,-18.85707,-13.03125,14.09901
15.177,-0.934082,-0.354248,-0.04125977,21.90138,-176.8527,6.408691,4.333496,-1.342773,0.0007324219,-15.57813,-4.125,-1.832031,-5430,-11585,-24,0.1385498,-0.6086426,-0.3495483,-0.6987915,-18.67324,-12.82289,14.02644
15.208,-0.934082,-0.3330078,0.06030273,20.2,-141.9774,-7.202148,0.3662109,-0.2441406,0.0007324219,-14.58594,-5.933594,0.5390625,-5430,-11585,-24,0.1383618,-0.6085544,-0.3489449,-0.6992001,-18.65806,-12.7669,14.05526
15.237,-0.9475098,-0.3354492,0.02294922,19.19992,-101.8385,-4.272461,-0.7324219,0.2441406,0.0007324219,-15.10156,-4.964844,0.6289063,-5430,-11585,-24,0.1373291,-0.6085205,-0.3484497,-0.699646,-18.71463,-12.77807,14.1252
15.268,-0.9160156,-0.3720703,-0.00390625,18.681,-67.22256,-0.1831055,1.708984,0.1831055,0.0007324219,-14.72266,-5.792969,0.2773438,-5430,-11585,-24,0.1373796,-0.6083272,-0.3484037,-0.6998844,-18.72068,-12.75631,14.15307
15.297,-0.9414063,-0.2800293,0.0144043,17.95993,-41.66143,3.723145,2.01416,0.6103516,0.0007324219,-14.83594,-5.199219,-0.2382813,-5430,-11585,-24,0.1376953,-0.6080322,-0.3483887,-0.7000122,-18.71061,-12.72145,14.16976
15.328,-0.925293,-0.3239746,-0.02001953,17.1985,-29.21402,8.361816,1.647949,2.197266,0.0007324219,-15.10156,-4.582031,-0.15625,-5430,-11585,-24,0.1386255,-0.6078288,-0.3488905,-0.6997324,-18.67616,-12.7059,14.13508
15.357,-0.9533691,-0.2954102,-0.05102539,17.12437,-21.11256,-0.1220703,-2.868652,0.7324219,0.0007324219,-14.92969,-5.582031,-0.4101563,-5430,-11585,-24,0.1401978,-0.607666,-0.3499146,-0.6990967,-18.61875,-12.70463,14.05535
15.388,-0.9975586,-0.1489258,-0.05566406,17.095,-15.14967,6.469727,1.953125,1.708984,0.0007324219,-15.80078,-3.101563,-1.292969,-5430,-11585,-24,0.1418838,-0.6073463,-0.3508538,-0.6985603,-18.55548,-12.68069,13.98743
15.418,-0.9230957,-0.3249512,0.02172852,17.12862,-9.896933,18.49365,4.211426,0,0.0007324219,-15.125,-3.972656,-0.1484375,-5430,-11585,-24,0.1437988,-0.6069336,-0.3518677,-0.697998,-18.48302,-12.64585,13.91627
15.448,-0.9194336,-0.4040527,0.02124023,17.2233,-3.724728,17.57813,4.089355,0,0.0007324219,-14.96875,-6.09375,0.296875,-5430,-11585,-24,0.1463621,-0.6059061,-0.354323,-0.6971037,-18.47944,-12.68543,13.87562
15.478,-0.9248047,-0.3635254,-0.01953125,16.83672,-1.401458,14.4043,2.563477,0.3662109,0.0007324219,-14.53125,-6.230469,0.0078125,-5430,-11585,-24,0.1495361,-0.604248,-0.3581543,-0.6959229,-18.54443,-12.79453,13.86903
15.508,-0.9709473,-0.2573242,-0.04223633,15.9606,-6.145258,16.96777,3.295898,0.4882813,0.0007324219,-15.26172,-4.871094,-0.6367188,-5430,-11585,-24,0.1524733,-0.6030443,-0.3609733,-0.6948853,-18.54088,-12.83964,13.82267
15.538,-0.9487305,-0.2937012,0.007080078,15.52033,-11.2038,15.25879,2.258301,0,0.0007324219,-15.37891,-4.015625,-0.359375,-5430,-11585,-24,0.1554565,-0.6019287,-0.3635864,-0.6938477,-18.51541,-12.86577,13.76209
15.568,-0.9240723,-0.3984375,0.03759766,15.1878,-14.94205,2.685547,-1.953125,0.7324219,0.0007324219,-14.85547,-5.714844,0.671875,-5430,-11585,-24,0.1560282,-0.6019821,-0.3644866,-0.6931443,-18.51583,-12.92964,13.70326
15.598,-0.9172363,-0.3300781,-0.01293945,15.05177,-15.47114,-3.78418,-2.624512,1.281738,0.0007324219,-15.00781,-5.96875,-0.00390625,-5430,-11585,-24,0.15625,-0.602356,-0.3648682,-0.692627,-18.49792,-12.97373,13.63594
15.628,-0.9416504,-0.3081055,-0.001220703,14.9934,-11.6911,-0.2441406,-2.075195,0.9155273,0.0007324219,-14.80469,-5.109375,-0.28125,-5430,-11585,-24,0.1562195,-0.6028029,-0.3648224,-0.6922073,-18.46943,-12.998,13.57159
15.658,-0.9370117,-0.279541,0.01855469,14.82312,-7.051648,0.6103516,-2.685547,0.2441406,0.0007324219,-15.01953,-4.554688,0.1835938,-5430,-11585,-24,0.1560059,-0.6034546,-0.364502,-0.6918945,-18.42982,-13.01206,13.5005
15.689,-0.9335938,-0.3308105,0.01879883,14.5833,-5.534732,-2.380371,-3.78418,0.1220703,0.0007324219,-14.99219,-4.789063,0.3398438,-5430,-11585,-24,0.1554746,-0.6041854,-0.3642208,-0.6915402,-18.41395,-13.0552,13.43575
15.718,-0.953125,-0.3125,-0.007080078,14.28744,-5.769885,-4.516602,-3.051758,0.1220703,0.0007324219,-15.03125,-5.339844,0.0390625,-5430,-11585,-24,0.1546021,-0.6049805,-0.3638916,-0.6912231,-18.42001,-13.1184,13.3832
15.749,-0.9345703,-0.3100586,0.01806641,13.8848,-7.760038,-1.403809,-1.831055,-0.2441406,0.0007324219,-15.11719,-4.863281,0.05078125,-5430,-11585,-24,0.1540488,-0.6055205,-0.3636249,-0.6910012,-18.41822,-13.15535,13.34432
15.778,-0.9370117,-0.3251953,0.01928711,13.31485,-10.92344,-0.9155273,-2.441406,-0.06103516,0.0007324219,-14.90234,-5.105469,0.28125,-5430,-11585,-24,0.1536255,-0.605896,-0.3634033,-0.6908569,-18.41782,-13.18046,13.31899
15.809,-0.9396973,-0.3168945,0.008789063,12.4972,-15.04237,-1.586914,-2.563477,0,0.0007324219,-15.09766,-5.179688,0.1328125,-5430,-11585,-24,0.1531692,-0.606369,-0.363279,-0.6906209,-18.42118,-13.22152,13.28326
15.838,-0.9443359,-0.3044434,0.01489258,12.51456,-15.56947,-0.6713867,-1.708984,-0.3051758,0.0007324219,-14.94922,-5.074219,0.1757813,-5430,-11585,-24,0.152771,-0.6068115,-0.3632202,-0.6903687,-18.4257,-13.26394,13.24765
15.869,-0.9482422,-0.298584,0.01416016,12.6588,-12.41119,-0.4272461,-1.586914,-0.4882813,0.0007324219,-15.28125,-4.734375,0.2226563,-5430,-11585,-24,0.152479,-0.6071093,-0.3632691,-0.6901405,-18.43591,-13.30387,13.22277
15.898,-0.9389648,-0.322998,0.01123047,12.49789,-8.487254,-0.06103516,-1.281738,-0.6713867,0.0007324219,-15.11719,-4.894531,0.1992188,-5430,-11585,-24,0.1522827,-0.6072998,-0.3634033,-0.6899414,-18.44953,-13.34073,13.20594
15.929,-0.9304199,-0.3317871,0.01123047,12.0631,-5.822732,-0.4272461,-1.464844,-0.5493164,0.0007324219,-15.03125,-5.460938,0.1992188,-5430,-11585,-24,0.1520104,-0.6075011,-0.3635417,-0.6897471,-18.46919,-13.38332,13.19222
15.959,-0.9421387,-0.3000488,0.01489258,12.19566,-2.880723,0.6103516,-0.793457,-0.5493164,0.0007324219,-14.90625,-5.015625,0.0546875,-5430,-11585,-24,0.1517334,-0.607666,-0.3637085,-0.6895752,-18.49316,-13.42694,13.18382
15.989,-0.9477539,-0.3190918,0.02612305,12.6104,-1.276791,0.6713867,-0.793457,-0.6713867,0.0007324219,-15.20703,-4.863281,0.4257813,-5430,-11585,-24,0.1515815,-0.607776,-0.3639049,-0.6894161,-18.5118,-13.46249,13.17551
16.019,-0.9379883,-0.3210449,0.02075195,12.57998,0.0679414,-0.6103516,-0.8544922,-0.6713867,0.0007324219,-15.02734,-5.207031,0.2890625,-5430,-11585,-24,0.1514893,-0.6078491,-0.3641357,-0.68927,-18.52985,-13.49534,13.16903
16.049,-0.9331055,-0.3308105,0.008544922,12.4036,1.402598,-0.06103516,-0.6713867,-0.4882813,0.0007324219,-14.99219,-5.238281,0.3515625,-5430,-11585,-24,0.1513229,-0.607917,-0.3642517,-0.6891651,-18.5467,-13.52232,13.16672
16.079,-0.9465332,-0.3103027,0.01220703,12.396,2.150359,0.1220703,-0.4882813,-0.4272461,0.0007324219,-15.03125,-5.03125,0.0390625,-5430,-11585,-24,0.151123,-0.6079712,-0.3643188,-0.6890869,-18.56381,-13.54635,13.16783
16.109,-0.9355469,-0.324707,0.02124023,12.3933,0.1605653,0,-0.5493164,-0.5493164,0.0007324219,-15.07813,-5.082031,0.25,-5430,-11585,-24,0.1509399,-0.6080544,-0.3644327,-0.6889954,-18.58149,-13.57406,13.16596
16.139,-0.9375,-0.3061523,0.01098633,12.45506,-1.280318,-0.6713867,-1.037598,-0.7324219,0.0007324219,-14.92578,-5.179688,0.2109375,-5430,-11585,-24,0.1507568,-0.6081543,-0.364563,-0.6889038,-18.59966,-13.60339,13.16311
16.17,-0.9453125,-0.3178711,0.02075195,12.5994,0.2427509,0.1220703,-0.5493164,-0.8544922,0.0007324219,-15.07813,-4.964844,0.1445313,-5430,-11585,-24,0.1505676,-0.6082243,-0.3647355,-0.6888092,-18.62246,-13.63617,13.16369
16.199,-0.9318848,-0.333252,0.01733398,12.43262,0.7833404,0.3051758,-0.4882813,-0.6713867,0.0007324219,-15.01172,-5.253906,0.2773438,-5430,-11585,-24,0.1503906,-0.6082764,-0.3649292,-0.6887207,-18.64662,-13.66921,13.16601
16.23,-0.935791,-0.3286133,0.01977539,11.9918,-1.666226,0.2441406,-0.4272461,-0.4272461,0.0007324219,-15.07031,-5.320313,0.2851563,-5430,-11585,-24,0.1502507,-0.6083143,-0.3650942,-0.6886261,-18.6663,-13.69729,13.16666
16.259,-0.9299316,-0.3251953,0.01782227,11.75937,-4.480727,-0.3051758,-0.793457,-0.3051758,0.0007324219,-14.97266,-5.125,0.171875,-5430,-11585,-24,0.1501465,-0.6083374,-0.3652344,-0.6885376,-18.68211,-13.72029,13.1667
16.29,-0.9399414,-0.3095703,0.02001953,11.5503,-7.103104,-0.6713867,-0.8544922,-0.4272461,0.0007324219,-14.91797,-5.097656,0.1796875,-5430,-11585,-24,0.1499548,-0.6084319,-0.3652782,-0.6884442,-18.69522,-13.74323,13.16266
16.32,-0.9411621,-0.3127441,0.01611328,11.37411,-8.562044,-0.1220703,-0.7324219,-0.793457,0.0007324219,-15.01563,-4.972656,0.2226563,-5430,-11585,-24,0.1497192,-0.6085815,-0.3652954,-0.6883545,-18.70785,-13.76796,13.15595
16.35,-0.9367676,-0.3286133,0.02954102,11.2247,-7.675052,0,-0.3662109,-0.6713867,0.0007324219,-14.98828,-5.132813,0.4765625,-5430,-11585,-24,0.1495769,-0.6085815,-0.36543,-0.6882862,-18.7276,-13.79195,13.16091
16.379,-0.9343262,-0.3359375,0.01782227,11.2255,-5.360804,0.6713867,-0.1220703,-0.6103516,0.0007324219,-14.96094,-5.339844,0.3320313,-5430,-11585,-24,0.1494751,-0.6085815,-0.3656616,-0.6882324,-18.75114,-13.82026,13.16711
16.41,-0.932373,-0.3181152,0.02368164,11.2318,-3.581021,0.8544922,-0.1220703,-0.4272461,0.0007324219,-14.96875,-5.277344,0.3125,-5430,-11585,-24,0.1494835,-0.6085613,-0.3659212,-0.6881459,-18.76815,-13.84401,13.16809
16.439,-0.9348145,-0.3220215,0.02587891,11.01378,-2.975319,0.6713867,-0.1831055,-0.3662109,0.0007324219,-14.87891,-5.035156,0.34375,-5430,-11585,-24,0.1495361,-0.6085205,-0.3662109,-0.6880493,-18.78443,-13.86711,13.1686
16.471,-0.9338379,-0.328125,0.02490234,10.4648,-4.941043,0.3051758,-0.1831055,-0.3662109,0.0007324219,-15.02734,-5.199219,0.3515625,-5430,-11585,-24,0.1495683,-0.6084884,-0.3664248,-0.687929,-18.79631,-13.88672,13.16606
16.5,-0.939209,-0.3244629,0.01977539,10.61954,-5.263225,1.403809,0.06103516,-0.3051758,0.0007324219,-14.86719,-5.230469,0.2890625,-5430,-11585,-24,0.1495972,-0.6084595,-0.3665771,-0.6878052,-18.80396,-13.90179,13.1618
16.53,-0.9370117,-0.3188477,0.0234375,11.1211,-2.784289,1.403809,0.2441406,-0.2441406,0.0007324219,-14.99609,-5.253906,0.4492188,-5430,-11585,-24,0.1497478,-0.6083673,-0.3668892,-0.6876836,-18.81563,-13.91985,13.16054
16.56,-0.9387207,-0.3183594,0.02172852,11.11716,-0.1262678,2.075195,0.2441406,-0.3051758,0.0007324219,-14.91016,-5.109375,0.3789063,-5430,-11585,-24,0.1500244,-0.6082153,-0.3673096,-0.687561,-18.82719,-13.93666,13.16043
16.59,-0.9370117,-0.3244629,0.02441406,11.0896,2.657282,1.953125,0.4882813,-0.4272461,0.0007324219,-14.99219,-5.125,0.3085938,-5430,-11585,-24,0.1502576,-0.6080948,-0.3676713,-0.6874405,-18.83689,-13.95229,13.15869
16.621,-0.9277344,-0.326416,0.01904297,11.01115,3.919547,1.281738,0.1220703,-0.1831055,0.0007324219,-15.03125,-5.175781,0.3515625,-5430,-11585,-24,0.1505127,-0.6079712,-0.368042,-0.6873169,-18.84553,-13.96715,13.15613
16.65,-0.9401855,-0.3215332,0.0246582,10.879,0.8924228,0.8544922,0.3051758,-0.1220703,0.0007324219,-14.97656,-5.242188,0.4257813,-5430,-11585,-24,0.150705,-0.6078522,-0.3683066,-0.6872208,-18.85198,-13.97684,13.15573
16.68,-0.9355469,-0.3366699,0.02172852,10.80032,-2.277722,1.586914,0.5493164,-0.1831055,0.0007324219,-14.97266,-5.085938,0.2929688,-5430,-11585,-24,0.1508789,-0.6077271,-0.3685303,-0.6871338,-18.85741,-13.98402,13.15642
16.71,-0.9309082,-0.3146973,0.02319336,10.73699,-2.763259,0.793457,0.1831055,-0.1220703,0.0007324219,-14.91016,-5.304688,0.3242188,-5430,-11585,-24,0.1510628,-0.6076279,-0.3687755,-0.6870655,-18.8628,-13.99188,13.15633
