64.184,-0.8514404,-0.4000244,-0.6563721,8.449684,0
64.214,-0.7564697,-0.3013916,-0.6655273,11.54911,0
64.244,-0.7679443,-0.3911133,-0.6015625,14.9624,0
64.274,-0.7232666,-0.2901611,-0.6419678,18.35452,0
64.304,-0.6550293,-0.3016357,-0.7192383,20.24727,0
64.334,-0.6392822,-0.2277832,-0.7081299,21.5447,90.43968
64.364,-0.7001953,-0.2084961,-0.6850586,23.06191,75.43204
64.394,-0.7310791,-0.2294922,-0.6958008,24.59221,60.5416
64.424,-0.8015137,-0.2159424,-0.6584473,26.21766,51.30265
64.455,-0.8105469,-0.1590576,-0.6300049,25.99106,41.91002
64.484,-0.7988281,-0.1800537,-0.6062012,24.97593,26.20634
64.514,-0.7871094,-0.2132568,-0.5654297,23.4268,2.694076
64.544,-0.7783203,-0.1739502,-0.5401611,22.09178,-20.79452
64.574,-0.7581787,-0.1861572,-0.5064697,21.33391,-35.94965
64.604,-0.8171387,-0.2058105,-0.4207764,20.33819,-38.77465
64.634,-0.8458252,-0.1479492,-0.3696289,19.06959,-37.67179
64.664,-0.869873,-0.0994873,-0.3452148,16.70256,-41.6033
64.694,-0.8554688,-0.01477051,-0.2683105,13.86936,-53.59499
64.724,-0.8474121,0.04138184,-0.1252441,10.64853,-71.61949
64.754,-0.7674561,0,-0.1606445,8.601172,-82.64904
64.784,-0.6806641,0.05395508,-0.1755371,7.388274,-81.83961
64.814,-0.7307129,-0.09216309,-0.2869873,6.957704,-66.87131
64.844,-2.019409,0.6485596,0.3143311,6.448184,-47.03929
64.874,-1.059326,0.3046875,0.02575684,5.402791,-31.54115
64.904,-0.5440674,-0.1490479,-0.4255371,5.475315,-21.0431
64.934,-0.932373,-0.3551025,-0.3221436,5.936077,-12.14624
64.964,-0.9637451,-0.4365234,-0.4290771,7.033747,-1.031985
64.994,-1.02063,0.1213379,-0.3422852,7.827438,11.66657
65.024,-1.005981,-0.04931641,-0.2133789,8.070038,20.46693
65.054,-0.9976807,-0.1546631,-0.1201172,8.137603,19.53049
65.084,-1.016724,-0.05053711,-0.145752,8.134414,13.85319
65.114,-0.9764404,-0.05664063,-0.2012939,7.907268,5.101041
65.144,-0.970459,-0.1342773,-0.190918,7.548016,-1.79868
65.174,-0.9580078,-0.2052002,-0.2376709,7.012896,-6.934877
65.204,-0.9689941,-0.1403809,-0.2764893,6.750876,-10.14994
65.234,-0.9633789,-0.08728027,-0.2905273,6.557209,-11.32411
65.264,-0.9851074,-0.07336426,-0.2591553,6.246547,-10.98861
65.294,-0.9378662,-0.1765137,-0.2674561,5.854967,-10.43615
65.324,-0.9364014,-0.1473389,-0.2667236,5.353354,-10.75819
65.354,-0.9394531,-0.1846924,-0.2955322,4.393286,-15.03914
65.383,-0.9414063,-0.199707,-0.3258057,3.224569,-21.71819
65.414,-0.9406738,-0.2019043,-0.3289795,2.273839,-27.41801
65.443,-0.932251,-0.1580811,-0.3016357,2.02004,-28.33838
65.473,-0.907959,-0.1118164,-0.3106689,2.023544,-23.70535
65.503,-0.946167,-0.08276367,-0.2572021,1.67801,-16.69967
65.533,-0.9217529,-0.0255127,-0.1546631,1.057986,-12.06998
0.027,-0.9328613,0.07995605,-0.09094238,-0.0938042,0.0290768
0.057,-0.9232178,0.03723145,-0.1091309,-0.2968781,0.02887333
0.088,-0.8660889,-0.2218018,-0.1817627,-0.5214807,0.02888103
0.117,-1.162476,-0.2409668,-0.4620361,-0.5183111,0.02636151
0.147,-1.104248,-0.0847168,-0.4163818,-0.4766431,0.02198552
0.177,-1.172852,0.008789063,-0.3657227,-0.2082777,-1.068411
0.207,-1.134033,0.1451416,-0.4013672,0.2523983,3.555895
0.237,-1.129517,0.2120361,-0.37146,1.022951,9.87724
0.267,-1.121582,0.22229,-0.2818604,2.468502,18.94621
0.297,-1.094971,-0.01171875,-0.3747559,4.629216,32.69542
0.327,-0.9804688,-0.272583,-0.5372314,7.485438,50.51865
0.357,-0.8277588,-0.3874512,-0.6171875,9.860592,66.27538
0.386,-0.7479248,-0.3239746,-0.6890869,11.17961,72.57078
0.416,-0.680542,-0.3979492,-0.6728516,13.0836,72.10855
0.446,-0.7076416,-0.3857422,-0.6253662,15.49814,69.63012
0.477,-0.7156982,-0.336792,-0.6081543,20.01835,77.96312
0.506,-0.6608887,-0.3048096,-0.6418457,24.17818,96.00121
0.536,-0.6966553,-0.2564697,-0.6328125,27.64034,114.2546
0.566,-0.7025146,-0.1986084,-0.6376953,29.27209,115.855
0.596,-0.7043457,-0.1976318,-0.6756592,29.77597,98.00301
0.626,-0.78479,-0.170166,-0.6330566,29.58029,63.25279
0.656,-0.8010254,-0.149292,-0.6185303,28.83275,28.18721
0.686,-0.8033447,-0.1677246,-0.6085205,27.2515,-3.293219
0.716,-0.8018799,-0.2006836,-0.5552979,24.98252,-28.35121
0.746,-0.8045654,-0.1918945,-0.4902344,21.99032,-51.71692
0.776,-0.8172607,-0.1871338,-0.4763184,18.95826,-72.29184
0.806,-0.8187256,-0.1308594,-0.3865967,16.58033,-84.88955
0.836,-0.8461914,-0.1115723,-0.2832031,15.30379,-83.78783
0.867,-0.8616943,-0.02209473,-0.151123,13.63947,-74.97897
0.896,-0.7247314,0.1462402,-0.1541748,11.85667,-64.4705
0.926,-0.7198486,0.1691895,-0.1380615,9.164009,-61.63864
0.956,-0.6846924,-0.02087402,-0.2282715,6.616752,-66.71749
0.986,-1.140015,0.04162598,-0.0612793,4.590856,-73.84268
1.016,-1.733887,0.4624023,0.2272949,3.285,-72.8364
1.046,-0.9641113,-0.02233887,-0.02844238,2.716177,-62.25275
1.076,-0.7485352,-0.1831055,-0.4631348,3.19457,-40.81407
1.106,-1.016602,-0.1452637,-0.2790527,4.103913,-16.49702
1.136,-0.97229,-0.2113037,-0.274292,5.143491,5.426961
1.166,-0.9827881,-0.09985352,-0.2121582,5.989841,20.68142
1.196,-1.028198,-0.1446533,-0.2122803,6.516214,27.07198
1.226,-1.019653,-0.06164551,-0.1436768,6.503827,23.4567
1.256,-1.001221,-0.02355957,-0.1586914,6.364379,15.15211
1.286,-1.014648,-0.04736328,-0.1829834,5.904732,4.683268
1.316,-0.9526367,-0.09033203,-0.1889648,5.6512,-3.492475
1.346,-0.9849854,-0.1195068,-0.2102051,5.381843,-8.2756
1.376,-0.9605713,-0.119751,-0.2272949,4.734325,-11.47491
1.406,-0.963501,-0.15979,-0.2252197,4.160897,-14.09332
1.436,-0.9886475,-0.1453857,-0.1802979,3.788706,-14.951
1.466,-0.9766846,-0.1418457,-0.2102051,3.787438,-13.973
1.496,-0.9516602,-0.1422119,-0.2540283,3.739187,-10.88203
1.526,-0.9633789,-0.184082,-0.2503662,3.169157,-8.659273
1.556,-0.9381104,-0.1315918,-0.2695313,2.515176,-9.652859
1.586,-0.9412842,-0.1295166,-0.2386475,1.878928,-13.2721
1.616,-0.925415,-0.1390381,-0.2713623,1.345343,-17.56689
1.646,-0.9316406,-0.1368408,-0.2890625,0.8354149,-19.64433
1.676,-0.911499,-0.1483154,-0.3153076,0.2358282,-19.27573
1.706,-0.9127197,-0.1361084,-0.2976074,-0.1562086,-17.9011
1.736,-0.9533691,-0.09387207,-0.2282715,-0.2937958,-15.20749
1.766,-0.9676514,-0.09289551,-0.2336426,-0.4088417,-11.95295
1.796,-0.9415283,-0.06970215,-0.2802734,-0.5387641,-8.516659
1.826,-0.9564209,-0.2036133,-0.2879639,-1.013737,-7.152893
1.856,-1.162354,-0.1877441,-0.420166,-1.368739,-7.954666
1.886,-1.036499,-0.04724121,-0.4136963,-1.484708,-8.86593
1.916,-1.06665,-0.03479004,-0.3754883,-1.017674,-5.939994
1.946,-1.033081,0.0168457,-0.3304443,-0.1794084,1.589523
1.976,-0.9591064,0.06298828,-0.3168945,0.2940972,10.07066
2.006,-0.96875,0.1135254,-0.3022461,0.824179,16.32312
2.036,-1.008057,0.08618164,-0.2712402,1.513823,19.99211
2.066,-1.024048,-0.03686523,-0.3654785,3.092766,24.91616
2.096,-1.033936,-0.1564941,-0.4519043,5.429125,35.3603
2.126,-0.9645996,-0.4152832,-0.510376,8.008772,51.39729
2.156,-0.8278809,-0.4517822,-0.6607666,10.09012,64.90563
2.186,-0.7045898,-0.3035889,-0.7331543,11.31256,69.10989
2.215,-0.6860352,-0.1485596,-0.704834,12.66139,64.70119
2.245,-0.7398682,-0.3498535,-0.6166992,14.33632,57.33605
2.275,-0.7663574,-0.3236084,-0.5860596,17.92935,61.20833
2.305,-0.7261963,-0.2109375,-0.6854248,21.49536,75.45454
2.335,-0.7734375,-0.08752441,-0.6650391,24.32039,91.10509
2.365,-0.7897949,-0.1357422,-0.6601563,24.41789,87.90547
2.395,-0.8397217,-0.1536865,-0.6226807,24.39101,69.10866
2.426,-0.8504639,-0.1071777,-0.6019287,23.72037,35.66486
2.455,-0.8302002,-0.1744385,-0.5939941,22.98017,5.310485
2.485,-0.7938232,-0.1582031,-0.6022949,22.26603,-14.49834
2.515,-0.7698975,-0.2266846,-0.5712891,20.6834,-24.56419
2.545,-0.7648926,-0.2443848,-0.5501709,18.41498,-37.92474
2.575,-0.7722168,-0.1842041,-0.5045166,16.04646,-51.38706
2.605,-0.8005371,-0.2125244,-0.4063721,14.18289,-61.82241
2.635,-0.7830811,-0.08898926,-0.3282471,13.22524,-63.88
2.665,-0.7352295,0.1408691,-0.2409668,11.84991,-58.66688
2.695,-0.6391602,0.03039551,-0.2220459,10.20386,-52.00278
2.725,-0.6108398,-0.07775879,-0.3093262,7.83892,-51.76203
2.755,-2.061279,0.3564453,0.3303223,5.730165,-57.20825
2.785,-0.9844971,0.1685791,-0.06665039,4.320269,-62.14196
2.816,-0.588623,-0.007080078,-0.5472412,4.430867,-53.82021
2.845,-1.015991,-0.4040527,-0.4956055,5.002578,-35.75762
2.875,-0.8740234,-0.2491455,-0.5273438,5.876202,-11.3675
2.905,-1.040039,-0.1020508,-0.2580566,6.401056,8.145042
2.935,-1.019409,-0.1517334,-0.1362305,6.485757,16.80535
2.965,-1.003906,-0.1401367,-0.1514893,6.540978,14.83994
2.995,-0.9986572,-0.02575684,-0.1756592,6.53242,9.264986
3.025,-0.9780273,-0.08190918,-0.1693115,6.189959,1.921995
3.055,-0.9710693,-0.1202393,-0.2030029,5.835444,-3.546677
3.085,-0.963623,-0.1965332,-0.2319336,5.596554,-6.576264
3.115,-0.951416,-0.1416016,-0.2941895,5.555002,-7.70666
3.145,-0.9575195,-0.1311035,-0.2763672,5.474256,-7.080552
3.175,-0.9558105,-0.1182861,-0.2645264,4.669403,-8.312279
3.205,-0.9589844,-0.1275635,-0.2492676,3.792166,-12.4558
3.235,-0.947876,-0.1342773,-0.2391357,3.063895,-17.86348
3.265,-0.9621582,-0.1026611,-0.2290039,2.911344,-20.31106
3.295,-0.93396,-0.1501465,-0.2664795,2.837603,-18.27211
3.325,-0.9222412,-0.1575928,-0.2796631,2.706696,-12.21884
3.355,-0.9108887,-0.1658936,-0.3109131,2.47439,-7.36592
3.385,-0.9329834,-0.1883545,-0.2991943,2.016674,-6.359878
3.415,-0.9123535,-0.1589355,-0.3325195,1.591374,-8.852325
3.445,-0.9276123,-0.1633301,-0.348999,1.242112,-11.22013
3.475,-0.921875,-0.1175537,-0.3017578,1.163301,-11.27534
3.505,-0.9360352,-0.1011963,-0.289917,1.131215,-9.166909
3.535,-0.9160156,-0.08984375,-0.3234863,1.108875,-5.712648
3.565,-0.9294434,-0.1134033,-0.3170166,0.9760715,-3.341245
3.595,-1.03125,-0.3282471,-0.3900146,0.8172706,-2.579271
3.625,-1.043945,-0.07666016,-0.4936523,0.892208,-2.314385
3.655,-1.000244,-0.1588135,-0.5622559,1.04565,-1.177742
3.684,-0.980957,0.00402832,-0.5084229,1.220191,0.7944201
3.714,-0.9863281,-0.0135498,-0.4179688,1.770416,5.109738
3.744,-0.9637451,0.0592041,-0.3238525,2.657841,11.54498
3.774,-0.9665527,0.1170654,-0.3041992,3.475544,17.58732
3.804,-1.095093,0.04211426,-0.2105713,4.068105,21.8039
3.834,-1.182983,-0.03479004,-0.2250977,4.284094,21.9336
3.864,-1.154907,-0.2386475,-0.4433594,5.285317,21.9484
3.894,-1.0896,-0.4577637,-0.5148926,7.080732,26.43787
3.924,-0.8823242,-0.3469238,-0.677002,10.0516,40.87562
3.954,-0.7935791,-0.2840576,-0.7364502,12.88418,60.16984
3.985,-0.6867676,-0.2608643,-0.7543945,14.74364,74.0003
4.014,-0.6759033,-0.2661133,-0.6669922,16.98734,80.08056
4.044,-0.5626221,-0.2823486,-0.7263184,19.75283,81.84406
4.074,-0.5604248,-0.2410889,-0.7661133,23.95593,88.03075
4.104,-0.5908203,-0.2242432,-0.7425537,27.47871,98.72195
4.134,-0.659668,-0.1864014,-0.7163086,29.26846,103.6632
4.164,-0.685791,-0.1375732,-0.65979,28.85635,87.06165
4.194,-0.7075195,-0.2327881,-0.6693115,27.28322,51.56476
4.224,-0.751709,-0.2729492,-0.605957,26.09231,9.222206
4.254,-0.7932129,-0.1890869,-0.5628662,24.79094,-23.37186
4.284,-0.8343506,-0.1972656,-0.5325928,23.40702,-40.66133
4.314,-0.8690186,-0.09716797,-0.4509277,20.34833,-52.82867
4.344,-0.8305664,-0.1000977,-0.3572998,15.98711,-71.52041
4.374,-0.7613525,-0.08068848,-0.2579346,12.13392,-94.53533
4.404,-0.734375,0.07141113,-0.2663574,9.359732,-109.8443
4.434,-0.6499023,0.02416992,-0.2669678,8.185465,-107.5493
4.464,-0.6195068,-0.2481689,-0.3531494,7.034453,-88.3319
4.494,-2.232056,0.5695801,0.5870361,6.02093,-63.14625
4.524,-0.9790039,0.4550781,-0.07263184,4.712076,-45.97777
4.554,-0.7106934,-0.08422852,-0.3168945,4.157026,-35.66402
4.584,-1.048096,-0.3823242,-0.3481445,4.399577,-27.49579
4.614,-0.9338379,-0.208374,-0.3457031,4.745662,-16.06006
4.644,-1.001099,0.1447754,-0.2891846,5.119307,-3.966479
4.674,-1.033081,-0.07861328,-0.1933594,5.118979,5.016616
4.704,-0.9620361,-0.204834,-0.1268311,5.053935,6.682283
4.734,-0.9914551,-0.1260986,-0.1315918,4.762279,2.607621
4.764,-1.036133,-0.04321289,-0.1431885,4.373335,-2.855014
4.794,-0.9937744,-0.03796387,-0.1661377,3.898697,-8.220611
4.824,-0.9523926,-0.09997559,-0.1859131,3.613212,-10.84142
4.854,-0.9632568,-0.1514893,-0.2214355,3.483414,-11.21376
4.884,-0.9494629,-0.1134033,-0.2437744,3.44973,-9.064755
4.914,-0.9390869,-0.09838867,-0.2775879,3.394641,-6.066828
4.944,-0.9515381,-0.1518555,-0.2561035,3.269759,-3.651511
4.974,-0.9367676,-0.1444092,-0.2857666,2.440874,-6.245472
5.004,-0.9310303,-0.1953125,-0.3192139,1.46909,-12.5934
5.034,-0.9368896,-0.2161865,-0.3614502,0.5351795,-20.1698
5.064,-0.9215088,-0.1837158,-0.3477783,-0.03364615,-25.06377
5.094,-0.9431152,-0.1312256,-0.3299561,-0.418887,-25.52448
5.124,-0.9355469,-0.06091309,-0.2618408,-0.754405,-21.15157
5.154,-0.9266357,-0.0168457,-0.2324219,-0.9685959,-15.65945
5.184,-0.9381104,-0.03356934,-0.2348633,-1.076791,-10.66688
5.214,-0.9487305,-0.04663086,-0.2576904,-1.256439,-7.906539
5.244,-0.9556885,-0.1047363,-0.3293457,-1.403389,-6.22553
5.274,-0.989624,-0.1629639,-0.3565674,-1.390473,-4.442255
5.304,-1.157837,-0.1499023,-0.5003662,-1.34544,-2.830682
5.334,-1.043457,-0.03918457,-0.3447266,-1.258292,-1.106277
5.364,-1.088013,0.02539063,-0.3179932,-1.172332,0.8579616
5.393,-1.083862,0.1652832,-0.3609619,-1.026091,2.51147
5.423,-1.05542,0.2480469,-0.2978516,-0.2403255,6.514157
5.454,-1.040894,0.1477051,-0.3258057,1.157802,15.07976
5.483,-1.05957,-0.1047363,-0.4111328,3.361754,29.57804
5.513,-1.083496,-0.5460205,-0.4370117,6.071781,48.5564
5.544,-0.8995361,-0.4604492,-0.6136475,9.087237,68.02902
5.573,-0.7113037,-0.2540283,-0.7757568,10.75808,77.6147
5.603,-0.6650391,-0.2438965,-0.6860352,12.49564,78.32594
5.633,-0.6948242,-0.3691406,-0.6026611,14.924,75.11959
5.663,-0.6253662,-0.3131104,-0.6402588,18.49945,77.76773
5.693,-0.6948242,-0.2678223,-0.6437988,22.59389,89.23541
5.723,-0.7171631,-0.1722412,-0.6890869,24.87395,99.47576
5.753,-0.7501221,-0.1700439,-0.697876,25.89105,96.11555
5.783,-0.7681885,-0.137085,-0.6671143,26.24211,77.18609
5.813,-0.7786865,-0.1654053,-0.6569824,25.88052,46.54009
5.843,-0.7473145,-0.1844482,-0.647583,24.86839,14.04121
5.873,-0.7764893,-0.1911621,-0.581665,23.21163,-11.18205
5.903,-0.769165,-0.2299805,-0.5783691,21.10648,-32.40609
5.934,-0.7731934,-0.2161865,-0.5328369,18.54243,-51.69068
5.963,-0.8151855,-0.1726074,-0.4713135,15.97897,-67.03673
5.993,-0.8383789,-0.1169434,-0.3323975,13.3922,-77.66509
6.023,-0.7426758,0.06433105,-0.2459717,11.8951,-78.44029
6.053,-0.6912842,0.1638184,-0.2286377,10.57187,-71.8182
6.083,-0.6333008,0.02539063,-0.2595215,8.898682,-63.05612
6.113,-1.117432,0.02758789,-0.06176758,6.781169,-57.89787
6.143,-1.62561,0.2526855,0.1860352,4.74287,-57.39201
6.173,-0.9080811,0.2424316,-0.2139893,4.144019,-55.58087
6.203,-0.6459961,-0.2779541,-0.5655518,4.08631,-46.40959
6.233,-1.047363,-0.3005371,-0.3366699,4.242027,-30.44448
6.263,-0.9505615,-0.1524658,-0.3916016,4.588239,-11.92847
6.293,-0.9866943,0.01855469,-0.2542725,5.199956,3.5941
6.323,-1.01123,-0.1274414,-0.2053223,6.156403,13.09435
6.353,-0.9981689,-0.08337402,-0.1712646,6.82203,19.07947
6.383,-0.9822998,-0.08581543,-0.197876,6.990572,20.38147
6.413,-1.0177,-0.1173096,-0.196167,6.784008,16.20602
6.443,-0.9522705,-0.1420898,-0.2398682,6.352812,7.443466
6.473,-0.9526367,-0.1766357,-0.2667236,6.270169,-0.9956059
6.503,-0.9455566,-0.1815186,-0.2746582,6.026906,-6.255263
6.533,-0.9584961,-0.1832275,-0.2591553,5.161703,-10.95076
6.563,-0.9420166,-0.1606445,-0.2844238,4.399753,-14.98844
6.593,-0.9544678,-0.1678467,-0.2940674,3.794685,-18.3496
6.623,-0.9250488,-0.1422119,-0.3181152,3.77627,-18.97915
6.653,-0.9383545,-0.1883545,-0.2935791,3.796213,-15.15698
6.683,-0.9758301,-0.2026367,-0.3104248,3.907849,-7.712669
6.713,-0.9283447,-0.1662598,-0.3210449,3.503893,-3.923683
6.743,-0.9055176,-0.1459961,-0.3387451,2.6015,-6.353737
6.773,-0.9302979,-0.1333008,-0.3203125,1.558264,-14.36012
6.803,-0.9312744,-0.126709,-0.3203125,0.6973777,-22.32888
6.833,-0.9454346,-0.1231689,-0.2928467,0.2804608,-26.28545
6.863,-0.9398193,-0.1000977,-0.270752,0.07214822,-23.79307
6.893,-0.9642334,-0.08056641,-0.269165,-0.01633537,-17.10899
6.923,-0.9919434,-0.1340332,-0.229126,-0.09519655,-10.11119
6.953,-1.191406,-0.1436768,-0.3874512,-0.2414585,-5.628225
6.983,-1.051392,0.01977539,-0.3276367,-0.6531323,-5.416807
7.013,-1.06958,0.015625,-0.3312988,-0.6734096,-5.508992
7.042,-0.9967041,0.08215332,-0.3942871,-0.6170738,-4.936645
7.072,-0.993042,0.1174316,-0.3721924,0.6658442,2.532619
7.103,-1.021606,0.06787109,-0.3500977,2.146202,15.31755
7.132,-1.097656,-0.01293945,-0.3304443,3.056347,27.12524
7.162,-1.006226,-0.2550049,-0.4971924,3.962865,34.15293
7.192,-0.9682617,-0.4954834,-0.5379639,4.974257,36.96683
7.222,-0.789917,-0.3355713,-0.6778564,7.526598,41.75008
7.252,-0.7506104,-0.1693115,-0.6799316,10.81464,55.33025
7.282,-0.7215576,-0.3825684,-0.5705566,14.64457,77.18933
7.312,-0.7010498,-0.2458496,-0.6223145,17.89973,97.12698
7.342,-0.6334229,-0.2487793,-0.680542,20.62998,107.8362
7.372,-0.6955566,-0.168335,-0.6671143,22.05288,100.3168
7.402,-0.7593994,-0.1762695,-0.6656494,22.77405,80.7164
7.432,-0.8125,-0.1630859,-0.6601563,23.32826,56.63267
7.462,-0.8460693,-0.145874,-0.6358643,23.1262,33.28412
7.493,-0.8679199,-0.1955566,-0.5915527,22.31127,11.48682
7.522,-0.8389893,-0.2154541,-0.5830078,20.50702,-8.827443
7.552,-0.7990723,-0.2087402,-0.5625,18.3733,-29.69812
7.582,-0.7957764,-0.2139893,-0.5004883,16.50521,-47.77442
7.612,-0.7938232,-0.1710205,-0.4718018,15.33212,-55.86437
7.642,-0.8051758,-0.1335449,-0.3984375,14.48588,-54.06152
7.672,-0.7664795,-0.125,-0.3811035,13.44964,-45.83074
7.702,-0.6877441,-0.03894043,-0.2755127,12.08017,-39.50343
7.732,-0.6182861,-0.04016113,-0.2537842,9.881097,-41.82156
7.762,-0.5910645,-0.1757813,-0.3200684,7.923734,-49.73879
7.792,-0.6697998,0.08068848,-0.2213135,6.134993,-57.64878
7.822,-2.230469,0.4274902,0.1085205,5.061832,-58.79232
7.852,-0.7069092,0.2651367,-0.3580322,4.76895,-50.28824
7.882,-0.7767334,-0.5957031,-0.697876,4.830095,-34.08812
7.912,-1.019409,-0.256958,-0.2164307,5.353866,-16.24468
7.942,-0.9974365,-0.1396484,-0.2039795,6.282737,1.596155
7.972,-1.037964,-0.1732178,-0.1925049,6.477857,11.56691
8.002,-1.004517,-0.1779785,-0.1992188,6.343854,13.09207
8.032,-1.009766,-0.09790039,-0.2275391,5.417484,5.811457
8.062,-0.9897461,-0.046875,-0.2463379,5.349502,-2.620555
8.092,-0.9707031,-0.1201172,-0.2587891,5.338955,-8.600329
8.122,-0.9467773,-0.078125,-0.2617188,5.462224,-7.772232
8.152,-0.9455566,-0.1343994,-0.2177734,5.4846,-3.973898
8.182,-0.947998,-0.1303711,-0.2211914,5.113413,-0.944561
8.212,-0.9304199,-0.2087402,-0.2470703,4.531674,-4.517511
8.242,-0.9599609,-0.2011719,-0.2840576,3.772791,-10.47015
8.272,-0.9084473,-0.2536621,-0.3818359,3.435324,-15.09682
8.302,-0.9367676,-0.2045898,-0.3984375,3.21195,-16.33943
8.332,-0.9320068,-0.1552734,-0.3586426,2.979864,-14.25179
8.362,-0.9367676,-0.1870117,-0.3477783,2.583971,-11.75302
8.392,-0.9239502,-0.1140137,-0.3123779,2.035194,-10.92775
8.422,-0.9223633,-0.1193848,-0.2601318,1.223479,-14.2718
8.452,-0.9088135,-0.06335449,-0.1867676,0.2229876,-19.77404
8.482,-0.9647217,-0.03283691,-0.175415,-1.00511,-26.4948
8.512,-0.9459229,-0.1209717,-0.2615967,-1.641787,-29.76209
8.542,-0.9545898,-0.09350586,-0.3133545,-1.925494,-28.21651
8.572,-0.9650879,-0.08874512,-0.3248291,-1.887933,-21.56113
8.602,-0.9901123,-0.07189941,-0.1953125,-1.748578,-12.18096
8.632,-1.281982,-0.0703125,-0.4188232,-1.490071,-2.57868
8.662,-1.168335,0.08605957,-0.3126221,-0.8451567,5.170263
8.692,-1.122925,0.145874,-0.2747803,0.1597589,13.15534
8.722,-1.230469,0.2907715,-0.2526855,0.8624192,19.16351
8.752,-1.103516,0.1407471,-0.3446045,1.649693,23.86071
8.781,-0.9385986,-0.414917,-0.5335693,2.661526,27.69186
8.811,-0.8603516,-0.442749,-0.6359863,4.844547,35.24657
8.842,-0.7674561,-0.157959,-0.7164307,8.315753,51.48194
8.871,-0.6323242,-0.3789063,-0.6899414,11.95068,74.35331
8.901,-0.6416016,-0.3626709,-0.6033936,15.74883,97.39563
8.931,-0.5377197,-0.2896729,-0.6855469,19.08774,112.9116
8.961,-0.6107178,-0.2705078,-0.6392822,20.71677,110.2751
8.991,-0.6397705,-0.21875,-0.6741943,21.48845,91.31613
9.021,-0.7001953,-0.1741943,-0.6804199,22.06817,66.12889
9.052,-0.8393555,-0.1729736,-0.6397705,22.18064,39.62345
9.081,-0.9356689,-0.1845703,-0.578125,21.91281,18.14223
9.111,-0.9185791,-0.1602783,-0.576416,20.77561,1.63824
9.141,-0.8526611,-0.1593018,-0.550293,18.75815,-16.91844
9.171,-0.838623,-0.1358643,-0.4898682,17.71146,-31.68484
9.201,-0.8323975,-0.09887695,-0.4473877,17.26523,-37.53425
9.231,-0.8060303,-0.08532715,-0.4066162,17.18274,-33.55063
9.261,-0.7998047,-0.05895996,-0.3964844,16.28478,-26.31105
9.291,-0.8255615,-0.09741211,-0.3743896,14.45423,-24.64964
9.321,-0.8305664,-0.05969238,-0.3059082,11.98586,-36.15137
9.351,-0.8796387,-0.09436035,-0.213501,9.492393,-53.60511
9.381,-0.8220215,-0.01831055,-0.1588135,7.561724,-67.57201
9.411,-0.7833252,0.04980469,-0.1571045,6.678123,-67.81356
9.441,-0.7062988,-0.0267334,-0.2053223,6.202484,-56.29772
9.471,-0.6290283,-0.2158203,-0.3747559,5.225174,-42.43502
9.501,-2.206665,0.6002197,0.4376221,4.138641,-32.62291
9.531,-1.064209,0.1708984,-0.1351318,2.94581,-30.16698
9.561,-0.5224609,0.02258301,-0.6861572,2.994447,-27.88089
9.591,-1.039795,-0.2835693,-0.3640137,3.36328,-21.02955
9.621,-0.984375,-0.2736816,-0.2844238,3.660914,-9.617851
9.651,-1.036011,0.04016113,-0.2390137,3.965484,1.569866
9.681,-0.9782715,-0.1229248,-0.1604004,4.224385,9.146301
9.711,-1.008545,-0.08349609,-0.180542,4.681177,10.78241
9.741,-1.011841,-0.05773926,-0.2011719,5.155198,11.69455
9.771,-0.9748535,-0.09594727,-0.2128906,5.023911,10.32469
9.801,-0.9759521,-0.1340332,-0.2220459,4.52813,5.415082
9.831,-0.9228516,-0.2208252,-0.2810059,3.454544,-4.228222
9.861,-0.9770508,-0.1907959,-0.2670898,2.948683,-13.58116
9.891,-0.9375,-0.1209717,-0.2932129,2.669017,-18.79065
9.921,-0.9807129,-0.1282959,-0.2911377,2.524413,-17.6959
9.951,-0.9285889,-0.102417,-0.2878418,2.299174,-13.53794
9.981,-0.9344482,-0.1054688,-0.2526855,1.617673,-10.74046
10.011,-0.9393311,-0.1047363,-0.2282715,0.7026448,-13.91377
10.041,-0.927124,-0.1193848,-0.2650146,-0.4007853,-20.47221
10.071,-0.9329834,-0.1124268,-0.2995605,-1.041305,-25.56523
10.101,-0.9517822,-0.1411133,-0.3061523,-1.291304,-25.74548
10.131,-0.9597168,-0.1888428,-0.3218994,-1.329824,-20.34271
10.161,-0.9619141,-0.1762695,-0.3563232,-1.431373,-13.05448
10.191,-0.9398193,-0.1318359,-0.3592529,-1.535784,-6.555925
10.221,-0.9682617,-0.05725098,-0.3009033,-1.480273,-2.885554
10.251,-1.040161,-0.1119385,-0.2421875,-1.250883,-0.3368112
10.281,-1.228516,0.02282715,-0.2935791,-0.5796452,4.140837
10.311,-1.136719,0.1844482,-0.2385254,-0.1437786,9.081696
10.341,-1.195923,0.381958,-0.1751709,0.2844659,13.12569
10.371,-1.204468,0.1760254,-0.3041992,1.146635,17.31091
10.401,-1.01123,-0.2116699,-0.4873047,2.670636,24.01398
10.43,-0.9385986,-0.5478516,-0.6019287,5.580479,38.29944
10.46,-0.8006592,-0.4249268,-0.6988525,9.197094,61.45272
10.49,-0.6337891,-0.3345947,-0.7904053,13.61255,90.00294
10.52,-0.5440674,-0.3259277,-0.7277832,17.85805,115.2138
10.55,-0.5704346,-0.3984375,-0.630127,21.23072,128.3078
10.58,-0.5258789,-0.3238525,-0.6385498,22.84901,120.6562
10.611,-0.5583496,-0.2669678,-0.6824951,25.04358,104.489
10.64,-0.6387939,-0.2648926,-0.6630859,27.19016,86.46579
10.67,-0.7352295,-0.2196045,-0.6673584,29.18244,72.97296
10.7,-0.7768555,-0.1783447,-0.6634521,29.88552,61.41275
10.73,-0.8319092,-0.170166,-0.6679688,28.06308,40.66417
10.76,-0.8144531,-0.1405029,-0.6496582,26.9252,12.06846
10.79,-0.8192139,-0.1810303,-0.6282959,25.85393,-14.54789
10.82,-0.77771,-0.1800537,-0.5609131,24.45814,-35.0992
10.85,-0.7645264,-0.1381836,-0.5325928,22.53231,-46.33538
10.88,-0.8372803,-0.1186523,-0.4476318,19.37624,-55.24634
10.91,-0.8370361,-0.07849121,-0.3664551,16.34742,-70.71219
10.94,-0.8137207,-0.0657959,-0.293457,13.21044,-86.38635
10.97,-0.7702637,0.02490234,-0.2548828,10.23407,-97.25216
11,-0.7490234,0.02087402,-0.229126,7.959101,-98.50434
11.03,-0.736084,-0.0480957,-0.2630615,6.818113,-86.6019
11.06,-0.690918,-0.2391357,-0.3327637,6.135465,-69.05881
11.09,-1.776123,0.4639893,0.282959,5.737904,-48.38047
11.12,-1.25,0.12854,-0.08605957,5.138326,-31.26186
11.15,-0.7062988,0.1575928,-0.4277344,4.848047,-19.99256
11.18,-0.9227295,-0.3831787,-0.5482178,5.065664,-12.59436
11.21,-0.9400635,-0.3339844,-0.2991943,5.277197,-6.284131
11.24,-0.9926758,-0.1345215,-0.2219238,5.486202,-0.594554
11.27,-1.056152,-0.003295898,-0.1427002,5.342142,2.99531
11.3,-0.9954834,-0.07312012,-0.1276855,5.132819,2.345047
11.33,-1.010864,-0.03308105,-0.1555176,5.069128,-0.533214
11.36,-1.000122,-0.04345703,-0.1307373,4.735732,-3.969398
11.39,-0.9523926,-0.05688477,-0.1524658,4.092356,-8.430619
11.42,-0.9534912,-0.1779785,-0.2469482,3.25341,-13.23661
11.45,-0.949707,-0.1851807,-0.317749,2.568707,-18.01056
11.48,-0.9499512,-0.1619873,-0.2993164,2.340622,-19.98338
11.51,-0.9794922,-0.1195068,-0.2738037,2.243315,-17.52571
11.54,-0.9639893,-0.1318359,-0.2617188,2.170209,-12.25629
11.57,-0.9385986,-0.1005859,-0.2340088,1.545921,-9.362141
11.6,-0.9559326,-0.1424561,-0.230835,0.6099015,-11.66784
11.63,-0.9144287,-0.1207275,-0.2818604,-0.6835454,-19.66225
11.66,-0.9364014,-0.1560059,-0.3032227,-1.477518,-26.76328
11.69,-0.9335938,-0.09118652,-0.2647705,-1.976144,-29.61479
11.72,-0.9415283,0.015625,-0.1728516,-2.117206,-25.58833
11.75,-0.9351807,0.05932617,-0.1103516,-2.263105,-18.25204
11.78,-0.9464111,0.05480957,-0.09423828,-2.657352,-11.77796
11.81,-0.9465332,0.0769043,-0.1478271,-2.90422,-8.879082
11.84,-0.9205322,-0.1109619,-0.1879883,-3.040523,-7.692554
11.87,-1.403198,0.1800537,-0.2950439,-2.547454,-4.505104
11.9,-1.328003,0.4160156,-0.2496338,-1.902506,1.901321
11.93,-1.369873,0.2751465,-0.3532715,-1.524826,8.724608
11.96,-1.279053,-0.02990723,-0.3394775,-0.424264,16.75411
11.99,-1.047241,-0.4593506,-0.5856934,1.50453,28.06906
12.02,-0.835083,-0.6364746,-0.6329346,4.793593,45.73991
12.05,-0.6400146,-0.3829346,-0.7176514,8.767802,70.70057
12.079,-0.6485596,-0.1118164,-0.6571045,12.74733,97.74822
12.109,-0.6345215,-0.3730469,-0.5805664,16.5772,117.7191
12.14,-0.5474854,-0.3665771,-0.5994873,20.13043,126.6098
12.17,-0.6010742,-0.2827148,-0.6057129,22.02448,118.0919
12.199,-0.682373,-0.1956787,-0.6378174,22.94395,97.52938
12.229,-0.7475586,-0.1563721,-0.6196289,23.51393,71.43853
12.259,-0.8322754,-0.04211426,-0.5906982,23.41127,43.36754
12.289,-0.8634033,-0.0534668,-0.5513916,22.81429,17.37143
12.319,-0.8781738,-0.09777832,-0.5205078,20.59763,-7.365927
12.349,-0.8879395,-0.1499023,-0.46521,18.09534,-31.98947
12.379,-0.8778076,-0.09570313,-0.3967285,16.76413,-49.44142
12.409,-0.8703613,-0.07714844,-0.4061279,15.49873,-57.34807
12.439,-0.8660889,-0.0567627,-0.3137207,14.26074,-56.56732
12.469,-0.8498535,-0.05700684,-0.2492676,11.76357,-54.22808
12.499,-0.8094482,-0.01049805,-0.2425537,9.192967,-57.85859
12.529,-0.8071289,0.02197266,-0.1906738,7.658798,-63.75344
12.56,-0.753418,0.05212402,-0.1887207,6.095103,-65.75558
12.589,-0.7286377,-0.03503418,-0.2270508,4.750466,-62.76325
12.619,-0.7893066,-0.09216309,-0.2762451,3.493255,-53.52731
12.649,-1.928101,0.5219727,0.3195801,2.844228,-43.46791
12.679,-0.8995361,0.1256104,-0.154541,2.7725,-33.85051
12.709,-0.6529541,-0.09143066,-0.5021973,2.980243,-21.15822
12.739,-1.044678,-0.2730713,-0.305542,3.580575,-7.104972
12.769,-0.9938965,-0.1931152,-0.2614746,4.690632,8.003497
12.799,-0.994873,-0.04907227,-0.1907959,5.845531,20.34404
12.829,-1.043091,-0.06652832,-0.1115723,6.555375,27.25743
12.859,-0.9923096,-0.09326172,-0.1506348,6.376196,25.77054
12.889,-1.01123,-0.1236572,-0.2016602,5.670112,15.44212
12.919,-0.9978027,-0.1398926,-0.2963867,5.37879,2.605096
12.949,-0.9742432,-0.1140137,-0.2827148,5.198476,-7.115346
12.979,-0.97229,-0.1727295,-0.2354736,5.096347,-10.59012
13.009,-0.9560547,-0.1566162,-0.2270508,4.637546,-10.09034
13.04,-0.9693604,-0.1135254,-0.2330322,3.816868,-11.00764
13.069,-0.9608154,-0.0736084,-0.2252197,3.470152,-13.44532
13.099,-0.9561768,-0.1470947,-0.2434082,3.211214,-14.88864
13.129,-0.927124,-0.1063232,-0.3022461,2.918111,-14.80805
13.159,-0.9429932,-0.1826172,-0.2906494,2.432384,-13.36537
13.189,-0.9246826,-0.138916,-0.338501,1.824634,-12.79691
13.219,-0.9396973,-0.1408691,-0.3204346,1.454906,-14.02066
13.249,-0.9373779,-0.1033936,-0.3065186,1.263355,-14.03491
13.279,-0.9237061,-0.1273193,-0.326416,1.209563,-11.82814
13.309,-0.9172363,-0.07800293,-0.3162842,1.08427,-8.359362
13.34,-0.9360352,-0.05957031,-0.2503662,0.8955259,-5.50674
13.369,-0.9351807,-0.02990723,-0.2008057,0.5802072,-5.316632
13.4,-0.9221191,-0.05224609,-0.1241455,0.1584177,-7.199583
13.429,-1.256958,-0.1418457,-0.2692871,-0.3460839,-10.32213
13.46,-1.136841,-0.03137207,-0.2828369,-0.3219121,-10.60229
13.489,-1.245728,0.1091309,-0.2974854,-0.117041,-7.904603
13.519,-1.19812,0.2600098,-0.3588867,0.2391365,-2.411593
13.549,-1.124146,0.1807861,-0.3693848,0.7954906,4.937853
13.579,-1.041382,-0.1192627,-0.3796387,1.663283,13.13388
13.609,-0.8939209,-0.5161133,-0.5255127,3.215144,22.59526
13.64,-0.7961426,-0.3481445,-0.5552979,5.581989,36.35345
13.669,-0.753418,-0.08752441,-0.6224365,8.064295,52.26236
13.7,-0.6947021,-0.2724609,-0.5634766,10.4123,65.96386
13.729,-0.7841797,-0.4058838,-0.552002,11.70369,70.61927
13.759,-0.7677002,-0.2149658,-0.5611572,12.85265,65.78328
13.789,-0.7729492,-0.1966553,-0.543335,13.83483,54.52247
13.819,-0.8076172,-0.1798096,-0.5075684,15.14494,44.7426
13.849,-0.8746338,-0.1373291,-0.4853516,15.9713,37.40862
13.879,-0.8858643,-0.06933594,-0.4414063,16.1222,31.19866
13.909,-0.9147949,-0.07397461,-0.4412842,15.92245,21.94045
13.939,-0.9381104,-0.1030273,-0.4219971,15.40089,9.822635
13.969,-0.9626465,-0.09973145,-0.4202881,15.10996,-1.986538
14,-0.9558105,-0.0324707,-0.4267578,14.6536,-9.627063
14.029,-0.9234619,-0.01184082,-0.4156494,13.71348,-15.31593
14.059,-0.9072266,-0.01062012,-0.3929443,12.27016,-22.59441
14.089,-0.9089355,-0.07092285,-0.354248,10.35053,-33.05162
14.119,-0.9104004,-0.09313965,-0.2996826,8.80949,-43.78142
14.149,-0.8964844,-0.06115723,-0.2446289,7.670393,-49.34385
14.179,-0.7935791,-0.03015137,-0.2030029,7.123849,-45.98904
14.209,-0.6616211,-0.04174805,-0.2282715,6.581192,-37.3943
14.239,-0.6016846,-0.1296387,-0.3079834,6.042397,-27.40202
14.269,-0.5684814,-0.3521729,-0.413208,4.776131,-24.3747
14.299,-2.268066,0.5068359,0.3637695,3.729101,-25.98896
14.329,-1.044312,0.3616943,-0.104248,3.427654,-26.95573
14.359,-0.5618896,-0.05859375,-0.3977051,3.632318,-22.51012
14.389,-1.045044,-0.4729004,-0.4477539,4.156968,-12.53336
14.419,-0.9155273,-0.237915,-0.4907227,4.139822,-1.612651
14.449,-1.001465,-0.1105957,-0.3044434,4.373908,5.604944
14.479,-1.028442,-0.1418457,-0.1690674,5.986774,14.28879
14.509,-0.9829102,-0.1506348,-0.175415,6.250747,17.91967
14.539,-1.021606,-0.09716797,-0.2336426,6.295298,17.7498
14.569,-0.9467773,-0.1119385,-0.3043213,5.432798,11.89812
14.599,-0.9567871,-0.111084,-0.2774658,4.518285,-0.8528504
14.629,-0.9261475,-0.1323242,-0.2714844,4.239187,-14.09317
14.659,-0.9443359,-0.1451416,-0.248291,3.843437,-18.20895
14.689,-0.946167,-0.1546631,-0.2839355,3.403495,-18.57733
14.719,-0.9353027,-0.1241455,-0.2755127,2.854385,-15.84018
14.749,-0.925293,-0.1464844,-0.2875977,2.078399,-15.99407
14.779,-0.9237061,-0.1594238,-0.2856445,0.7471704,-22.19457
14.809,-0.9404297,-0.1363525,-0.2698975,-0.2519183,-27.83022
14.839,-0.9031982,-0.05810547,-0.3068848,-1.048387,-31.34243
14.869,-0.9318848,-0.1225586,-0.2919922,-1.426879,-30.27216
14.899,-0.9307861,-0.06945801,-0.2857666,-1.626778,-24.61381
14.929,-0.9732666,-0.08947754,-0.2182617,-1.848527,-16.64911
14.959,-1.010376,0.08654785,-0.2229004,-2.103332,-11.29275
14.989,-1.138306,-0.01245117,-0.1998291,-2.306398,-8.134444
15.019,-1.544922,0.2783203,-0.1418457,-1.92928,-4.576829
15.049,-1.445679,0.546875,-0.2091064,-0.9172729,2.95448
15.079,-1.371826,0.2814941,-0.2054443,1.700709,20.64903
15.109,-1.107422,-0.5537109,-0.5279541,3.503156,39.11025
15.139,-0.918335,-0.7989502,-0.5877686,5.170732,53.61994
15.168,-0.6942139,-0.2021484,-0.7207031,7.44993,64.06607
15.198,-0.6864014,-0.1622314,-0.6784668,10.62235,73.51426
15.228,-0.7174072,-0.3763428,-0.6072998,15.71382,90.03193
15.258,-0.5631104,-0.3474121,-0.6453857,19.64532,110.9292
15.289,-0.6037598,-0.2995605,-0.6625977,22.97012,124.5018
15.318,-0.6538086,-0.2712402,-0.6755371,24.66783,120.7064
15.348,-0.6693115,-0.2342529,-0.72229,25.10159,97.70895
15.378,-0.7111816,-0.1837158,-0.6828613,24.87189,60.98031
15.408,-0.7718506,-0.2612305,-0.6309814,24.09429,27.14864
15.437,-0.8212891,-0.2407227,-0.5300293,22.4942,-4.172468
15.468,-0.873291,-0.2075195,-0.5151367,19.49247,-32.96049
15.497,-0.8769531,-0.1873779,-0.4422607,15.86095,-61.23472
15.527,-0.7963867,-0.05773926,-0.2834473,11.43236,-90.99221
15.557,-0.7233887,-0.06115723,-0.2293701,8.915731,-107.9649
15.587,-0.6343994,0.09777832,-0.2095947,7.324812,-106.945
15.617,-0.583374,-0.06738281,-0.2540283,5.900495,-91.87135
15.647,-0.5909424,-0.3798828,-0.4274902,4.560335,-71.13296
15.679,-2.225098,0.4400635,0.2852783,2.467383,-55.95907
15.707,-0.9788818,0.1419678,-0.3861084,2.507995,-45.49525
15.737,-0.395874,-0.1011963,-0.8637695,3.101292,-31.90389
15.767,-1.05542,-0.4871826,-0.3487549,3.775644,-14.4593
15.797,-0.9685059,-0.2402344,-0.3974609,4.420697,3.55021
15.827,-0.9868164,-0.2611084,-0.2814941,4.655899,16.71381
15.857,-1.04126,-0.2124023,-0.1988525,5.091969,17.36071
15.887,-0.9387207,-0.1040039,-0.2672119,5.60428,15.90392
15.917,-0.9562988,-0.0657959,-0.2800293,5.676803,12.85011
15.947,-0.9267578,-0.0826416,-0.2615967,5.586421,8.955848
15.977,-0.9666748,-0.1368408,-0.2436523,4.809828,2.214783
16.007,-0.9378662,-0.07653809,-0.2663574,4.333964,-5.965488
16.037,-1.007202,-0.1953125,-0.2615967,3.910784,-12.64056
16.068,-0.9595947,-0.1235352,-0.2628174,3.052471,-17.66422
16.097,-0.9835205,-0.1937256,-0.1795654,2.029196,-22.29187
16.127,-0.9844971,-0.1225586,-0.2641602,0.732508,-26.77175
16.157,-0.9543457,-0.08105469,-0.3681641,-0.09956134,-31.17901
16.187,-0.9770508,-0.1143799,-0.413208,-0.6842621,-32.20505
16.217,-0.9890137,-0.05419922,-0.3500977,-1.113103,-28.49881
16.247,-1.026367,0.04602051,-0.2354736,-1.234059,-21.36934
16.277,-1.179932,0.2159424,0.1018066,-0.8419677,-11.14734
16.307,-1.796509,0.2938232,0.07446289,-0.1371429,-0.7447427
16.337,-1.642212,0.4936523,0.02294922,1.093556,11.62768
16.367,-1.220215,-0.2064209,-0.4423828,3.391143,28.77038
16.397,-0.9611816,-0.7550049,-0.8115234,6.648021,50.80041
16.427,-0.711792,-0.4174805,-0.8544922,11.43716,80.04639
16.457,-0.6859131,-0.2001953,-0.7298584,14.3557,101.6685
16.487,-0.6744385,-0.3924561,-0.6483154,16.44087,108.9709
16.517,-0.6254883,-0.2044678,-0.7073975,18.61305,103.2444
16.547,-0.546875,-0.2713623,-0.7749023,20.90261,90.36741
16.577,-0.5928955,-0.355835,-0.704834,24.3092,82.06961
16.607,-0.6187744,-0.1834717,-0.7053223,24.74793,74.14827
16.637,-0.6965332,-0.2474365,-0.6324463,24.85199,60.82556
16.667,-0.7103271,-0.2247314,-0.6008301,24.44067,39.45237
16.697,-0.7283936,-0.2628174,-0.5856934,23.4163,12.44469
16.727,-0.7874756,-0.2261963,-0.5679932,20.94153,-20.2329
16.757,-0.9173584,-0.2404785,-0.4060059,17.41255,-47.07871
16.787,-0.793335,0.1638184,-0.1612549,12.57185,-80.9141
16.817,-0.7293701,0.1478271,-0.1071777,8.624941,-109.6581
16.847,-0.6704102,0.1606445,-0.1584473,5.179124,-126.6441
16.877,-0.6346436,-0.319458,-0.4078369,2.381361,-127.0934
16.907,-2.062866,0.420166,0.2078857,0.9605668,-110.7402
16.937,-1.052979,0.1512451,-0.2254639,0.3624043,-82.70298
16.967,-0.6505127,-0.2330322,-0.7364502,0.8469907,-52.15305
16.997,-1.002686,-0.4300537,-0.5159912,2.011,-20.0399
17.027,-1.018066,-0.1672363,-0.3009033,3.625361,9.386558
17.057,-0.954834,-0.1619873,-0.2357178,4.687054,28.17649
17.087,-1.013916,-0.223999,-0.1437988,5.441398,36.69478
17.117,-0.9802246,-0.1555176,-0.2628174,5.690455,33.87639
17.147,-0.9512939,-0.007446289,-0.2982178,5.640909,23.90398
17.177,-0.9709473,-0.06884766,-0.2694092,4.905798,9.059816
17.207,-0.9768066,-0.1884766,-0.2716064,4.236698,-3.722024
17.237,-0.9215088,0.06689453,-0.2437744,3.501181,-14.09283
17.267,-0.8353271,-0.1433105,-0.2979736,2.908704,-19.99718
17.297,-0.9334717,-0.1459961,-0.3161621,2.219802,-22.69746
17.327,-0.9732666,-0.1881104,-0.3156738,1.037774,-24.74598
17.356,-0.9595947,-0.07885742,-0.2930908,0.348959,-26.32812
17.386,-1.006104,-0.07897949,-0.2011719,-0.149641,-26.02233
17.416,-0.9864502,-0.1201172,-0.2431641,-0.5583049,-24.1398
17.446,-1.013062,-0.01989746,-0.2875977,-0.953038,-20.28559
17.476,-1.071045,0.09692383,-0.2176514,-1.636464,-16.91778
17.506,-1.131714,0.2189941,-0.1040039,-1.528173,-13.56273
17.536,-1.424561,0.09289551,-0.1569824,-0.9753485,-7.353875
17.566,-1.739014,0.4637451,0.002319336,-0.4542661,0.5348131
17.596,-1.466187,0.2878418,-0.04748535,0.364737,10.17933
17.627,-1.06543,-0.8013916,-0.6918945,2.093132,23.59411
17.656,-0.8370361,-0.6386719,-0.8286133,5.081473,40.8703
17.686,-0.6689453,-0.2530518,-0.7828369,9.838035,68.78427
17.716,-0.6296387,-0.3389893,-0.6190186,14.36692,100.4775
17.746,-0.6289063,-0.4073486,-0.6051025,18.618,126.8363
17.776,-0.5548096,-0.2268066,-0.6936035,21.90742,138.0219
17.806,-0.5548096,-0.3220215,-0.7089844,23.5465,126.4613
17.836,-0.6517334,-0.2856445,-0.6234131,24.24922,97.98485
17.866,-0.6572266,-0.1373291,-0.7216797,24.37971,65.3302
17.896,-0.751709,-0.2004395,-0.6589355,24.15951,34.1211
17.926,-0.78479,-0.3155518,-0.605957,22.4922,4.660395
17.956,-0.8457031,-0.1947021,-0.4998779,19.8321,-22.9174
17.986,-0.921875,-0.180542,-0.442627,15.89837,-54.34706
18.016,-0.8828125,-0.1014404,-0.2424316,13.68823,-77.04849
18.046,-0.7241211,-0.006469727,-0.1834717,11.81623,-87.67812
18.076,-0.6303711,0.1315918,-0.1989746,9.508769,-86.83323
18.106,-0.5950928,-0.07434082,-0.2945557,6.559377,-83.2423
18.136,-0.6170654,-0.4743652,-0.4760742,3.269076,-82.70522
18.166,-2.429321,0.4885254,0.3188477,1.877081,-83.47294
18.196,-0.942627,0.06213379,-0.2061768,1.67766,-73.21734
18.226,-0.5444336,-0.3084717,-0.8060303,2.661448,-47.87976
18.256,-0.9559326,-0.4675293,-0.4517822,3.510218,-16.44581
18.286,-1.00769,-0.1700439,-0.4411621,4.426222,11.11327
18.316,-0.9471436,-0.1375732,-0.3011475,5.015921,23.60825
18.346,-1.084351,-0.1434326,-0.09228516,5.422214,25.43066
18.376,-0.9954834,-0.06799316,-0.2382813,5.756964,20.76501
18.406,-0.9868164,0.07995605,-0.2596436,5.369348,13.04206
18.436,-0.9401855,-0.157959,-0.2425537,4.216414,0.3295153
18.466,-0.9971924,-0.2315674,-0.2258301,3.559753,-10.74844
18.496,-1.076416,-0.3509521,-0.2894287,3.043562,-18.70269
18.526,-0.9173584,-0.2490234,-0.3638916,2.686706,-21.89077
18.556,-0.9943848,-0.1704102,-0.2492676,2.06398,-20.60205
18.586,-1.014038,-0.09912109,-0.2512207,1.203727,-18.95963
18.616,-1.014648,-0.01672363,-0.3123779,0.01562551,-22.72654
18.646,-0.9672852,0.01672363,-0.3071289,-1.284978,-29.06304
18.676,-0.9643555,0.1231689,-0.2250977,-2.491807,-35.35956
18.706,-1.075195,0.2287598,-0.1330566,-2.804796,-34.98198
18.736,-1.172607,0.3110352,0.1138916,-2.897258,-28.7362
18.766,-1.874756,0.2036133,-0.07165527,-2.478617,-16.78194
18.796,-1.522217,0.6330566,0.05065918,-1.454644,-0.858303
18.826,-1.229004,-0.09802246,-0.4312744,1.029485,21.02434
18.856,-1.087646,-0.8347168,-0.7181396,4.443527,46.7103
18.885,-0.62854,-0.4868164,-0.9282227,8.819343,78.19632
18.915,-0.6159668,-0.1851807,-0.7114258,11.50565,99.8833
18.945,-0.6018066,-0.4622803,-0.6268311,13.54569,106.3956
18.975,-0.598877,-0.3812256,-0.6469727,15.36482,97.49507
19.005,-0.6080322,-0.2662354,-0.7388916,18.33544,87.14157
19.035,-0.647583,-0.3586426,-0.6571045,22.1585,84.76598
19.065,-0.673584,-0.2841797,-0.6896973,23.8316,86.1322
19.095,-0.6953125,-0.1131592,-0.6964111,24.00394,77.63303
19.125,-0.7399902,-0.2260742,-0.6489258,21.31059,46.10236
19.155,-0.8343506,-0.1519775,-0.4949951,19.41183,2.867209
19.186,-0.9637451,-0.1092529,-0.4311523,17.55294,-37.01266
19.215,-0.9587402,-0.1173096,-0.3746338,15.62565,-59.14832
19.245,-0.873291,0.02441406,-0.1876221,13.10559,-69.83346
19.275,-0.6856689,0.02478027,-0.04321289,8.603812,-80.40796
19.305,-0.5987549,0.05993652,-0.1359863,5.192758,-95.94877
19.335,-0.5150146,-0.05627441,-0.3815918,2.372305,-106.9437
19.365,-0.3920898,-0.3392334,-0.6191406,0.9657825,-103.7241
19.395,-3.213989,1.083008,0.9890137,0.5929519,-84.0931
19.425,-1.360352,0.0447998,0.009643555,0.5465153,-52.84993
19.455,-0.1755371,0.1533203,-0.9660645,0.8673408,-26.16884
19.485,-1.191162,-0.6137695,-0.2220459,1.854508,-2.791186
19.515,-1.089966,-0.3027344,-0.2792969,3.066958,13.91559
19.545,-1.031006,-0.2008057,-0.18396,4.16099,25.13208
19.575,-1.016602,-0.182373,-0.1170654,4.529827,29.53329
19.605,-0.9980469,-0.1308594,-0.1002197,4.518476,26.07206
19.635,-0.9483643,-0.0958252,-0.1367188,4.28734,16.08338
19.665,-0.9698486,-0.04821777,-0.1812744,3.846319,4.061435
19.695,-0.9705811,-0.0201416,-0.2111816,3.29522,-6.295722
19.725,-0.8394775,0.1054688,-0.2460938,2.915341,-11.60307
19.755,-0.8092041,-0.1019287,-0.2705078,2.300318,-15.00751
19.785,-0.9177246,-0.3173828,-0.3364258,1.472755,-18.18172
19.815,-0.9528809,-0.1489258,-0.4025879,0.6606619,-20.96257
19.845,-0.9187012,-0.2114258,-0.3974609,0.1867836,-22.03217
19.875,-0.942627,-0.1578369,-0.3867188,0.5858953,-17.90469
19.905,-0.9405518,-0.2076416,-0.3828125,0.5919597,-11.12024
19.935,-0.9360352,-0.1364746,-0.3607178,0.5351685,-4.280885
19.965,-0.9527588,-0.03918457,-0.3707275,0.2123128,-1.133835
19.995,-1.005371,-0.0111084,-0.347168,-0.2072724,-2.997923
20.025,-1.081787,0.104248,-0.2456055,-0.4430239,-7.490617
20.055,-1.231201,0.1871338,0.08251953,-0.6188573,-8.960235
20.085,-1.781494,0.1679688,0.1345215,-0.7292822,-8.62049
20.115,-1.488892,0.2435303,0.2825928,-0.1238905,-3.259885
20.145,-1.209229,-0.6010742,-0.1669922,1.126089,7.155983
20.175,-1.323242,-0.6136475,-0.6644287,3.475134,24.22002
20.205,-0.852417,-0.2712402,-0.7695313,6.542969,47.30701
20.235,-0.8763428,-0.21521,-0.739624,10.45824,74.55925
20.265,-0.7541504,-0.2836914,-0.7385254,12.887,91.54164
20.295,-0.7093506,-0.2542725,-0.7313232,14.93417,96.37262
20.325,-0.5064697,-0.1774902,-0.847168,17.30698,92.15391
20.355,-0.5172119,-0.1333008,-0.7821045,20.44582,87.72157
20.385,-0.6052246,-0.2412109,-0.6749268,23.91224,87.92313
20.415,-0.5993652,-0.3809814,-0.7647705,23.89149,81.04336
20.445,-0.6365967,-0.5029297,-0.776001,23.37943,62.32976
20.475,-0.5705566,-0.3753662,-0.7565918,19.62356,19.39328
20.504,-0.7421875,-0.1877441,-0.5982666,17.67585,-25.93494
20.534,-0.8328857,-0.2913818,-0.3048096,16.18794,-58.51665
20.564,-0.7481689,-0.1473389,-0.2830811,13.74681,-71.31363
20.594,-0.6846924,0.1252441,-0.1851807,10.52813,-80.02734
20.624,-0.6623535,-0.08740234,-0.1826172,5.239037,-91.74597
20.654,-0.8023682,-0.3704834,-0.348999,2.353509,-107.3115
20.684,-1.881226,0.4898682,0.02807617,0.662014,-111.5225
20.714,-0.6738281,-0.1517334,-0.49646,0.3724361,-94.6245
20.745,-0.7060547,-0.3575439,-0.7137451,0.4769186,-62.95301
20.774,-1.058716,-0.2850342,-0.3291016,1.79633,-21.98957
20.804,-0.9007568,-0.1612549,-0.4727783,3.125521,6.940366
20.834,-0.9688721,-0.1812744,-0.2565918,4.647042,28.06386
20.864,-1.018311,-0.1307373,-0.302124,5.16409,36.06752
20.894,-1.025024,-0.1121826,-0.3173828,5.262223,33.994
20.924,-1.042969,-0.1625977,-0.2978516,4.990117,21.8058
20.954,-1.093628,-0.1572266,-0.2437744,4.789389,8.996854
20.984,-1.010132,-0.1115723,-0.1779785,4.581273,-1.642913
21.014,-0.9841309,-0.2573242,-0.28125,3.935967,-7.984944
21.044,-0.9329834,-0.2084961,-0.3883057,2.97593,-14.09717
21.074,-0.8758545,-0.2062988,-0.4453125,1.714859,-21.39235
21.104,-0.8479004,-0.1500244,-0.4287109,0.8232042,-27.99067
21.134,-0.894165,-0.09057617,-0.2658691,0.1306187,-31.28822
21.164,-0.9338379,0.1663818,-0.07226563,-0.3750987,-29.50754
21.194,-1.074829,0.4390869,0.1040039,-0.6476968,-23.88628
21.224,-1.284668,0.5997314,0.3620605,-0.7328575,-16.34
21.254,-2.071533,0.3400879,0.2089844,-0.50406,-9.046998
21.284,-1.783203,0.315918,-0.1190186,0.2945784,0.3311941
21.314,-1.538574,-0.7568359,-0.7443848,2.886366,18.4409
21.344,-0.9405518,-0.651001,-1.00647,7.056891,47.78976
21.374,-0.8005371,-0.4158936,-0.880127,13.37282,91.24096
21.404,-0.5576172,-0.4801025,-0.831665,17.19714,125.6298
21.434,-0.5239258,-0.4211426,-0.7637939,19.84935,140.0211
21.464,-0.3710938,-0.1879883,-0.852417,22.0165,131.288
21.494,-0.3948975,-0.4447021,-0.8303223,23.96744,107.7486
21.524,-0.4232178,-0.383667,-0.6520996,27.07003,86.63249
21.554,-0.3901367,-0.3150635,-0.8476563,26.8325,68.37122
21.584,-0.4924316,-0.4320068,-0.7237549,24.79304,40.25624
21.614,-0.6391602,-0.2469482,-0.6478271,20.4584,-5.286855
21.644,-0.9255371,-0.161377,-0.3828125,15.31748,-62.02301
21.674,-0.8743896,0.1551514,-0.1312256,12.39996,-106.8858
21.704,-0.6640625,0.22229,-0.1271973,9.821688,-121.3088
21.734,-0.6083984,-0.1783447,-0.2678223,7.56417,-115.2114
21.764,-1.278931,-0.03796387,-0.6245117,4.334668,-101.3875
21.794,-1.225952,0.3433838,-0.4217529,2.221982,-87.55321
21.824,-0.3497314,-0.6126709,-1.01355,2.406012,-72.3794
21.854,-0.8426514,-0.6407471,-0.8253174,3.06344,-48.93181
21.884,-0.9067383,-0.157959,-0.862915,4.518818,-17.95849
21.914,-1.013428,-0.07556152,-0.3953857,5.403673,12.27901
21.944,-1.069946,-0.4195557,-0.331543,6.090561,28.37262
21.974,-1.043213,-0.2302246,-0.277832,6.687261,29.87853
22.004,-1.084717,-0.1505127,-0.2080078,6.420246,22.83452
22.034,-1.021729,-0.2657471,-0.2230225,5.363147,7.493395
22.064,-1.133667,-0.1469727,-0.06030273,3.937366,-9.31504
22.094,-0.8199463,-0.1795654,-0.4248047,2.351342,-26.66941
22.124,-0.9506836,0.03845215,-0.3424072,1.231975,-38.96088
22.153,-0.9362793,-0.005249023,-0.2775879,0.5198502,-41.62846
22.183,-0.9644775,0.1639404,-0.09716797,0.01289409,-36.61247
22.213,-1.033691,0.2618408,-0.05493164,-0.8797348,-30.56943
22.243,-1.187256,0.413208,0.08935547,-1.527964,-25.17935
22.273,-1.446167,0.7106934,0.4414063,-1.440489,-19.51156
22.304,-2.224976,0.4324951,0.1481934,-1.176372,-12.75216
22.333,-1.609985,0.01477051,-0.0456543,-0.6191219,-3.767203
22.363,-1.4646,-0.8746338,-0.9943848,1.234914,12.86477
22.393,-0.8605957,-0.4915771,-0.9541016,4.427523,36.51761
22.423,-0.7664795,-0.4959717,-0.927124,10.21233,73.47401
22.453,-0.6445313,-0.4669189,-0.7814941,15.40799,113.6504
22.483,-0.5053711,-0.4628906,-0.7484131,20.51152,146.626
22.513,-0.3469238,-0.3006592,-0.838501,23.74852,158.1102
22.543,-0.3452148,-0.4536133,-0.7662354,25.51816,143.9669
22.573,-0.2636719,-0.4412842,-0.6657715,26.24469,108.3136
22.603,-0.2869873,-0.40271,-0.9102783,25.65798,66.87531
22.633,-0.4865723,-0.3963623,-0.8687744,23.41621,19.97938
22.663,-0.857666,-0.3903809,-0.4873047,19.60062,-26.31622
22.694,-0.9737549,0.1868896,-0.1588135,14.22335,-74.70928
22.723,-0.6254883,0.1921387,-0.1323242,8.172017,-121.9993
22.753,-0.5239258,-0.4244385,-0.4300537,4.44164,-149.5212
22.783,-1.503662,-0.07800293,-0.5915527,2.070848,-150.8565
22.813,-1.14856,0.8375244,-0.6323242,1.074596,-126.833
22.843,-0.2736816,-0.5402832,-1.139526,0.8804535,-86.31486
22.873,-1.088501,-0.628418,-0.6929932,1.291361,-43.88866
22.903,-0.8109131,-0.2489014,-0.7142334,2.268616,-12.75974
22.933,-1.003052,-0.2078857,-0.2836914,4.147232,13.69037
22.963,-1.006348,-0.3693848,-0.3278809,4.255306,25.41061
22.993,-1.056641,-0.1582031,-0.2901611,4.221719,26.16836
23.023,-1.044678,-0.05859375,-0.2756348,3.711744,17.20885
23.053,-0.9675293,0.1610107,-0.1860352,3.135763,2.853033
23.083,-0.9499512,-0.2583008,-0.1339111,2.377661,-12.11091
23.113,-0.8421631,0.02294922,-0.4316406,1.382395,-19.49782
23.143,-0.998291,-0.08178711,-0.3735352,0.2797533,-26.14855
23.173,-1.002319,-0.01538086,-0.3206787,-0.6839134,-30.0396
23.203,-1.004272,0.1025391,-0.1405029,-1.357574,-31.19433
23.233,-1.156738,0.331665,0.005371094,-1.830227,-28.78382
23.263,-1.331299,0.595459,0.2758789,-2.037944,-22.95742
23.293,-1.754028,0.663208,0.7229004,-1.988791,-15.1214
23.323,-2.071899,0.4154053,0.1547852,-1.144964,-4.196783
23.353,-1.695923,-0.9541016,-0.3707275,0.9678022,13.07793
23.383,-1.152954,-0.666626,-0.9228516,5.276019,43.23076
23.413,-0.8405762,-0.4615479,-1.026733,10.57237,82.81789
23.443,-0.7032471,-0.2694092,-0.8085938,15.96741,123.0869
23.473,-0.4978027,-0.6071777,-0.802124,18.91621,143.4296
23.503,-0.4699707,-0.2397461,-0.7993164,21.20571,140.4811
23.533,-0.2728271,-0.2849121,-0.9200439,22.92718,117.2425
23.563,-0.2796631,-0.4101563,-0.8154297,24.9825,90.68519
23.593,-0.2799072,-0.237793,-0.9366455,26.01382,66.81176
23.623,-0.4390869,-0.2194824,-0.9241943,22.86434,34.49551
23.653,-0.6833496,-0.4351807,-0.6854248,20.3278,-3.377873
23.683,-0.9700928,-0.5151367,-0.3476563,17.69561,-41.21089
23.713,-0.7904053,0.2664795,-0.1826172,14.94309,-73.98878
23.743,-0.6607666,0.01452637,-0.1827393,11.64075,-93.58217
23.773,-0.5078125,-0.5908203,-0.5623779,5.834361,-108.5367
23.803,-1.782959,0.1298828,-0.09277344,2.596074,-121.4712
23.832,-1.057739,0.2818604,-0.4874268,0.6770971,-122.4857
23.863,-0.3786621,-0.1536865,-0.9641113,1.021726,-100.9269
23.892,-1.043823,-0.4473877,-0.5097656,2.33533,-60.25413
23.922,-0.907959,-0.3442383,-0.4750977,3.631967,-10.96032
23.952,-1.046265,-0.2275391,-0.3087158,3.823348,15.64678
23.982,-1.054565,-0.3192139,-0.2869873,3.867934,24.4749
24.012,-1.078125,-0.1057129,-0.3140869,3.687307,17.28862
24.042,-1.063232,-0.07653809,-0.2418213,3.269675,4.649841
24.072,-1.006348,-0.07275391,-0.2404785,2.304587,-8.074803
24.102,-0.8970947,-0.07763672,-0.3511963,1.719259,-14.88392
24.132,-0.909668,-0.1872559,-0.4279785,1.299785,-18.7714
24.162,-0.899292,-0.1064453,-0.4207764,0.9812105,-19.07188
24.192,-0.9660645,-0.05187988,-0.4077148,0.6475988,-16.66665
24.222,-1.02356,0.01782227,-0.2280273,-0.2521468,-15.54021
24.253,-1.159912,0.3277588,-0.05712891,-0.778453,-16.57466
24.282,-1.315796,0.6459961,0.3079834,-1.091941,-17.23226
24.312,-1.767456,0.8076172,0.6697998,-0.5716514,-12.87888
24.342,-2.149658,0.1207275,0.3588867,0.4115296,-2.372086
24.372,-1.71106,-0.9969482,-0.4875488,0.9684843,9.727546
24.402,-1.203857,-0.5231934,-0.9156494,2.669391,23.39675
24.432,-0.8843994,-0.4675293,-0.9943848,6.101512,44.0451
24.462,-0.7764893,-0.276001,-0.7750244,11.10133,73.46261
24.492,-0.4613037,-0.4488525,-0.875,17.0306,111.3581
24.522,-0.4329834,-0.3044434,-0.7322998,21.97565,145.8279
24.552,-0.2988281,-0.3474121,-0.84375,24.64932,155.6679
24.582,-0.2557373,-0.4753418,-0.7963867,26.05387,138.4293
24.612,-0.3443604,-0.2938232,-0.7509766,25.75046,98.08489
24.642,-0.4660645,-0.3676758,-0.8848877,24.2421,46.46328
24.672,-0.8740234,-0.3753662,-0.6665039,20.63512,-7.835929
24.702,-1.038452,-0.1151123,-0.2662354,16.0653,-57.79493
24.732,-0.651123,0.1326904,-0.1196289,9.957393,-107.757
24.762,-0.5114746,0,-0.3209229,4.531809,-146.2069
24.792,-0.5006104,-0.6563721,-0.6848145,-0.02675468,-167.3925
24.822,-1.971436,0.6586914,-0.06347656,-2.674755,-162.1439
24.852,-0.4589844,-0.2780762,-0.7940674,-2.745313,-130.0077
24.882,-0.6560059,-0.7325439,-0.9865723,-1.521441,-77.9748
24.912,-1.245728,-0.3309326,-0.2199707,0.4290158,-23.87484
24.942,-0.8338623,-0.3577881,-0.5200195,2.92354,24.08253
24.972,-1.071411,-0.3027344,-0.2935791,4.924283,54.2402
25.002,-1.026978,-0.1778564,-0.3740234,5.448186,59.80875
25.032,-1.048096,-0.09594727,-0.324707,5.619354,50.24975
25.062,-1.026978,-0.1608887,-0.2449951,5.154322,30.70274
25.092,-0.8948975,-0.05664063,-0.2923584,4.262574,7.196624
25.122,-0.8997803,-0.1674805,-0.3121338,3.48751,-10.67213
25.152,-0.9285889,-0.1174316,-0.3632813,2.599505,-20.50541
25.182,-0.9005127,-0.04321289,-0.4313965,1.600008,-27.17738
25.212,-0.9522705,-0.07775879,-0.3651123,0.788803,-29.24124
25.242,-1.022827,0.01416016,-0.2454834,0.3309415,-27.38455
25.272,-1.161621,0.2564697,-0.1047363,0.4298647,-21.81441
25.302,-1.336182,0.6004639,0.2503662,0.387117,-14.31451
25.332,-1.691406,0.6375732,0.5936279,0.2139088,-7.653936
25.362,-2.112671,0.1661377,0.3428955,0.7715073,-0.4574513
25.392,-1.598633,-0.8597412,-0.4420166,2.163611,9.538159
25.422,-1.100708,-0.5407715,-0.8928223,6.333014,33.71698
25.452,-0.8857422,-0.4981689,-0.9038086,9.164585,60.60644
25.482,-0.8498535,-0.395752,-0.6311035,11.50437,81.71519
25.511,-0.5441895,-0.5300293,-0.7521973,13.97582,92.71776
25.541,-0.5322266,-0.2791748,-0.7526855,16.85657,94.77984
25.571,-0.3852539,-0.3453369,-0.8214111,21.85073,99.09888
25.601,-0.3465576,-0.5341797,-0.7698975,23.34948,100.6425
25.632,-0.3137207,-0.07653809,-0.8427734,23.89064,90.40185
25.661,-0.4868164,-0.3317871,-0.8353271,21.86828,58.9957
25.691,-0.8858643,-0.2496338,-0.6390381,18.36752,7.926637
25.721,-0.9810791,-0.2716064,-0.2938232,16.4871,-41.59288
25.751,-0.7860107,0.03808594,-0.130249,13.55843,-71.24118
25.782,-0.5584717,0.08569336,-0.2012939,9.491601,-94.16662
25.812,-0.2852783,-0.5384521,-0.7664795,4.5466,-109.8433
25.841,-2.44104,0.1618652,-0.2467041,0.3106452,-123.4599
25.871,-0.7491455,0.3387451,-0.3569336,-1.095339,-126.3006
25.901,-0.3216553,-0.3161621,-0.9836426,-1.154716,-104.7864
25.932,-1.336792,-0.5839844,-0.1131592,-0.6488816,-65.79962
25.961,-0.9785156,-0.2388916,-0.4355469,0.7445298,-20.79032
25.991,-1.033081,-0.2827148,-0.3378906,2.775745,17.39198
26.021,-1.025879,-0.333374,-0.3139648,4.272367,38.09501
26.051,-1.072754,-0.147583,-0.3214111,4.653052,43.74508
26.081,-1.039307,-0.1673584,-0.2366943,4.082781,35.24889
26.111,-0.9228516,-0.1549072,-0.3022461,3.448046,16.97083
26.141,-0.887207,-0.1773682,-0.3804932,2.697477,-3.271021
26.171,-0.90979,-0.3352051,-0.3183594,2.156742,-16.26627
26.201,-0.9445801,-0.1114502,-0.3459473,1.733612,-20.11989
26.231,-0.942627,0.009155273,-0.3463135,1.422025,-18.08364
26.261,-0.982666,0.05029297,-0.2276611,0.4527407,-18.31049
26.291,-1.103882,0.2596436,-0.08300781,-0.8130322,-21.88204
26.321,-1.191284,0.4381104,0.1470947,-1.588717,-26.03478
26.351,-1.60022,0.5447998,0.6085205,-1.438472,-24.91278
26.381,-2.185547,0.4627686,0.3026123,0.09278296,-12.47193
26.411,-1.523926,-0.3425293,-0.04016113,1.274674,6.645101
26.441,-1.362427,-0.8192139,-0.904541,2.733057,26.52559
26.471,-0.8012695,-0.4812012,-1.008301,5.279946,45.75218
26.501,-0.8206787,-0.2598877,-0.8372803,9.190691,66.82446
26.531,-0.6201172,-0.4642334,-0.8356934,15.2556,97.24669
26.561,-0.571167,-0.3553467,-0.7532959,19.65183,127.0135
26.591,-0.3339844,-0.2769775,-0.9050293,22.64649,141.6645
26.621,-0.3011475,-0.442749,-0.8208008,23.63482,130.0362
26.651,-0.2805176,-0.3360596,-0.7601318,23.98237,97.22927
26.681,-0.3460693,-0.3001709,-0.8017578,24.18404,55.83062
26.711,-0.6848145,-0.3005371,-0.8222656,22.15693,16.65303
26.741,-0.9914551,-0.4439697,-0.3074951,17.85244,-26.85927
26.771,-0.8238525,0.0838623,-0.2490234,11.57252,-76.88417
26.801,-0.6696777,0.3535156,-0.04748535,5.492876,-128.1776
26.831,-0.572998,-0.4213867,-0.4764404,0.4782737,-166.4771
26.861,-2.036743,-0.2783203,-0.7784424,-2.31132,-171.9461
26.891,-0.7642822,0.4780273,-0.6219482,-3.27206,-145.0368
26.921,-0.4018555,-0.3936768,-0.973877,-1.969699,-92.18621
26.951,-1.151123,-0.7017822,-0.4500732,-0.3333567,-35.65316
26.981,-0.803833,-0.4494629,-0.477417,2.022157,14.24349
27.011,-1.087646,-0.2467041,-0.1123047,3.327208,43.53489
27.041,-0.9962158,-0.3551025,-0.2977295,3.936258,51.70269
27.071,-1.027832,-0.1013184,-0.3240967,4.018038,41.95484
27.101,-1.016846,-0.06433105,-0.2814941,3.824363,26.08123
27.131,-1.012329,-0.1394043,-0.2133789,3.08309,6.550397
27.161,-1.002075,-0.1359863,-0.2364502,2.451697,-6.791172
27.191,-0.9451904,-0.2366943,-0.3067627,1.763047,-15.52986
27.22,-0.9298096,-0.08081055,-0.387085,1.049062,-20.72031
27.25,-0.9685059,0.009765625,-0.3293457,0.2780038,-23.53217
27.28,-1.017456,0.1398926,-0.2316895,-0.5507347,-24.40346
27.31,-1.146484,0.1391602,-0.1697998,-0.7722373,-22.86539
27.34,-1.304932,0.3438721,0.04992676,-0.8761889,-18.63475
27.371,-1.604858,0.6868896,0.5738525,-1.026914,-13.31187
27.4,-2.180298,0.4475098,0.269043,-0.785142,-6.510263
27.43,-1.499023,-0.4185791,-0.06726074,0.3607537,4.125355
27.46,-1.32959,-0.8544922,-0.9431152,3.471324,23.94703
27.49,-0.7747803,-0.4182129,-0.9923096,7.943968,56.10043
27.52,-0.723999,-0.3609619,-0.8012695,10.80196,84.74842
27.55,-0.470459,-0.5058594,-0.8068848,13.32616,101.2884
27.58,-0.5656738,-0.4095459,-0.6781006,15.6786,103.8207
27.611,-0.4302979,-0.3574219,-0.8671875,19.69036,101.2664
27.64,-0.4119873,-0.5466309,-0.7495117,23.31568,100.5444
27.67,-0.4926758,-0.2979736,-0.6627197,24.31972,96.65977
27.7,-0.3719482,-0.5401611,-0.8955078,23.42906,76.37493
27.73,-0.7125244,-0.6013184,-0.779541,19.25511,28.75214
27.761,-0.7045898,-0.3060303,-0.7687988,16.50772,-27.98224
27.79,-0.7167969,0.01696777,-0.4875488,14.16097,-69.71915
27.82,-0.4379883,-0.2193604,-0.4630127,11.74675,-88.90383
27.85,-0.1276855,-0.3476563,-0.826416,8.734636,-93.77942
27.88,-1.641846,0.2474365,0.1542969,4.512204,-94.99488
27.91,-1.094116,0.4401855,-0.04431152,2.743722,-96.46297
27.94,-0.0345459,-0.3934326,-1.231079,2.226288,-86.57611
27.97,-1.143555,-0.9249268,-0.4285889,2.364636,-64.95626
28,-1.058472,-0.2178955,-0.5258789,2.791058,-34.93146
28.03,-0.993042,-0.2285156,-0.5428467,3.546528,-4.331455
28.06,-1.109131,-0.2553711,-0.3603516,4.536725,12.71633
28.09,-1.007446,-0.1343994,-0.2736816,5.372487,21.90736
28.12,-1.010254,-0.1397705,-0.2388916,5.357478,22.57018
28.15,-0.9805908,-0.171875,-0.2824707,5.045511,16.7056
28.18,-0.9511719,-0.2403564,-0.30896,3.92519,3.242534
28.21,-1.03064,-0.09143066,-0.3519287,3.431232,-9.696498
28.24,-1.080933,-0.1954346,-0.2590332,3.05939,-17.58528
28.27,-1.169189,-0.2592773,-0.2507324,2.500468,-19.74987
28.3,-1.148438,-0.1932373,-0.2581787,1.793777,-19.90922
28.33,-1.219727,-0.1600342,-0.3674316,0.8573377,-19.81957
28.36,-1.151001,0.2353516,0.1140137,0.4634548,-21.09689
28.39,-1.218994,0.2579346,0.524292,0.3482038,-19.6223
28.42,-1.398193,0.2281494,-0.3430176,0.3633472,-14.6821
28.45,-1.053955,0.3461914,-0.7675781,0.8724349,-5.908508
28.48,-1.003662,0.2885742,-0.2421875,2.730211,10.10138
28.51,-0.8431396,-0.3581543,-0.7324219,5.791446,32.66197
28.54,-0.8306885,0.1031494,-0.9935303,10.01623,63.31637
28.57,-0.5646973,-0.161499,-1.078857,14.17944,94.83151
28.6,-0.4343262,-0.2591553,-1.005249,17.57946,116.2929
28.63,-0.3719482,-0.2384033,-1.026611,19.81519,119.0021
28.66,-0.4044189,-0.3409424,-0.9460449,20.44818,101.0291
28.69,-0.4528809,-0.2501221,-0.9215088,20.43885,69.67149
28.72,-0.5245361,-0.3909912,-0.7818604,18.48501,29.27522
28.75,-0.6762695,-0.2591553,-0.6324463,15.6887,-12.81303
28.78,-0.6654053,-0.1710205,-0.5307617,12.07818,-52.30222
28.81,-0.6442871,-0.09008789,-0.5189209,9.712734,-77.67193
28.84,-0.7258301,-0.0567627,-0.4875488,8.151025,-87.01567
28.87,-0.8546143,0.07373047,-0.4661865,7.466888,-76.25626
28.9,-0.9381104,0.05578613,-0.3699951,7.081826,-55.64759
28.93,-0.9569092,0.07788086,-0.3447266,6.686151,-33.84479
28.96,-0.9129639,0.1052246,-0.3353271,6.012089,-22.1742
28.99,-0.9421387,0.2331543,-0.3671875,5.166301,-18.74637
29.02,-0.9259033,0.2216797,-0.4493408,4.255378,-21.4078
29.05,-0.9095459,0.1846924,-0.4615479,3.285525,-25.82821
29.08,-0.8654785,0.1566162,-0.4542236,2.26174,-29.72636
29.11,-0.84021,0.1618652,-0.4172363,1.761659,-29.46256
29.14,-0.8721924,0.1207275,-0.4095459,1.599666,-25.08392
29.17,-0.9012451,0.1165771,-0.3876953,1.795944,-17.0046
29.2,-0.8991699,0.1251221,-0.3588867,1.910969,-8.030626
29.23,-0.916626,0.1842041,-0.3848877,1.703474,-2.044874
29.26,-0.9334717,0.1987305,-0.3702393,1.164498,-2.437479
29.29,-0.9244385,0.1635742,-0.359375,0.4327459,-7.558507
29.32,-0.9329834,0.1019287,-0.4053955,0.1081605,-12.77387
29.35,-0.9489746,0.1229248,-0.4730225,-0.2479336,-15.53544
29.38,-0.9219971,0.1281738,-0.4724121,-0.8326278,-16.42132
29.41,-0.8961182,0.1337891,-0.4390869,-0.8569395,-13.58038
29.44,-0.9002686,0.1116943,-0.4171143,-0.85153,-9.42988
29.47,-0.8968506,0.04797363,-0.401001,-0.7293004,-5.735624
29.5,-0.9056396,0.0592041,-0.4082031,-0.7824343,-2.244868
29.53,-0.916748,0.07531738,-0.416748,-1.274154,-1.773223
29.56,-0.9237061,0.08764648,-0.4296875,-1.26152,-3.184672
29.59,-0.9171143,0.09313965,-0.4030762,-1.190921,-3.605078
29.62,-0.9300537,0.06604004,-0.3787842,-1.097927,-2.910438
29.65,-0.9248047,0.01855469,-0.4029541,-0.9894883,-0.4152308
29.68,-0.8953857,0.03808594,-0.4168701,-0.8690346,2.794937
29.71,-0.9089355,0.04919434,-0.4141846,-0.8835169,2.822963
29.74,-0.9313965,0.02832031,-0.4586182,-0.9489522,1.879552
29.77,-0.9094238,0.01989746,-0.4492188,-1.008617,0.5273117
29.8,-0.9337158,0.003540039,-0.4691162,-0.951958,-0.2824106
29.83,-0.9299316,-0.004760742,-0.4676514,-0.6284244,0.8933929
29.86,-0.9317627,0.02978516,-0.4501953,-0.3774594,3.379552
29.89,-0.9193115,0.01794434,-0.4525146,-0.1368976,5.978362
29.92,-0.9187012,0.01904297,-0.4401855,0.04774491,7.598053
29.95,-0.9019775,0.02307129,-0.4229736,0.2048014,7.669397
29.98,-0.9024658,0.02905273,-0.4145508,0.349075,6.494211
30.01,-0.9155273,0.04431152,-0.4366455,0.3408898,4.958781
30.04,-0.9130859,0.06140137,-0.4509277,0.3149582,3.126654
30.07,-0.9476318,0.05407715,-0.4683838,0.3554309,1.77211
30.1,-0.9573975,0.03918457,-0.4620361,0.4695518,1.254179
30.13,-0.972168,0.03564453,-0.4603271,0.7297088,2.218693
30.159,-0.9637451,-0.015625,-0.4393311,0.9805334,4.352342
30.19,-0.9128418,-0.1903076,-0.3260498,1.233102,6.423205
30.219,-0.8422852,-0.2163086,-0.2814941,1.338452,7.143382
30.25,-0.9475098,-0.1245117,-0.3515625,1.46284,6.71906
30.279,-0.8762207,-0.2248535,-0.4462891,1.671023,5.976468
30.31,-0.8482666,-0.4632568,-0.456543,2.810187,10.07192
30.34,-0.7963867,-0.4240723,-0.6706543,4.898939,21.86727
30.369,-0.6716309,-0.2883301,-0.6818848,7.908304,42.04783
30.399,-0.6367188,-0.4138184,-0.6158447,11.72921,68.96251
30.429,-0.5727539,-0.3378906,-0.6104736,16.27223,98.14898
30.459,-0.5377197,-0.3334961,-0.5654297,19.05308,114.3775
30.49,-0.4542236,-0.2119141,-0.5737305,21.15769,113.5216
30.518,-0.5378418,-0.3167725,-0.4993896,23.08361,102.104
30.548,-0.5343018,-0.2988281,-0.5491943,25.49268,87.65374
30.578,-0.5444336,-0.2338867,-0.5584717,29.15406,82.37532
30.608,-0.5601807,-0.2977295,-0.5570068,29.24263,74.42966
30.638,-0.7166748,-0.2287598,-0.5275879,29.19045,59.81939
30.668,-0.786499,-0.3605957,-0.5466309,28.067,34.37982
30.698,-1.000488,-0.3756104,-0.3411865,26.26811,0.536918
30.728,-1.002197,-0.255249,-0.3314209,23.58676,-36.07955
30.758,-1.001709,-0.2019043,-0.2200928,19.6191,-63.55012
30.788,-0.8953857,0.05371094,-0.1697998,14.63509,-96.00173
30.818,-0.6756592,0.4509277,-0.2646484,10.53494,-120.5019
30.848,-0.5701904,0.3267822,-0.1223145,6.967869,-133.9435
30.879,-1.365845,0.01745605,0.1461182,3.92612,-132.9893
30.908,-1.326294,-0.08203125,-0.3845215,2.44336,-115.4833
30.938,-1.252686,-0.3391113,-0.5484619,1.743563,-87.40946
30.968,-1.334961,-0.444458,-0.5653076,1.407397,-59.95092
30.998,-1.167725,-0.3968506,-0.4018555,1.219158,-35.37602
31.028,-1.126587,-0.4190674,-0.4246826,0.9843668,-17.87026
31.058,-1.237793,0.02539063,-0.5198975,1.037663,-9.042202
31.088,-0.9482422,0.03845215,-0.6087646,1.257698,-3.593639
31.118,-0.7928467,-0.2322998,-0.5855713,1.66032,1.365267
31.148,-0.7149658,-0.3225098,-0.6132813,2.088372,6.279966
31.178,-0.793457,-0.2913818,-0.4935303,2.445115,10.34142
31.208,-0.8358154,-0.1791992,-0.4697266,2.242625,9.538203
31.238,-0.9824219,-0.004150391,-0.3790283,1.67954,4.012258
31.268,-0.9244385,-0.01171875,-0.3216553,1.084167,-4.104527
31.298,-0.8972168,-0.07788086,-0.2983398,0.4798918,-12.08413
31.328,-0.9067383,-0.06933594,-0.4180908,-0.038448,-17.4299
31.358,-0.8532715,-0.09765625,-0.5328369,-0.3878274,-18.01
31.388,-0.8009033,-0.1256104,-0.6258545,-0.6379769,-15.73515
31.418,-0.8320313,-0.08374023,-0.6013184,-0.8651303,-12.80902
31.448,-0.8411865,-0.1256104,-0.5773926,-1.026662,-9.774253
31.478,-0.9595947,-0.01635742,-0.5322266,-1.120396,-7.193713
31.508,-1.144897,0.1115723,-0.5341797,-1.273049,-5.747522
31.538,-1.147461,0.3078613,-0.4888916,-1.465315,-5.19446
31.568,-1.155396,0.1766357,-0.494873,-1.724819,-5.492433
31.598,-1.030029,0.02416992,-0.5345459,-1.843564,-5.80004
31.628,-0.793457,-0.1951904,-0.578125,-1.819639,-5.206918
31.658,-0.7845459,-0.04821777,-0.6981201,-1.366804,-1.571897
31.688,-0.6190186,0.3237305,-0.8026123,-0.4017954,6.110065
31.718,-0.6204834,0.1046143,-0.6157227,0.847956,16.80192
31.748,-0.6187744,0.04748535,-0.4759521,1.692603,25.37965
31.778,-0.7421875,0.06738281,-0.5494385,1.904461,27.66521
31.808,-0.744751,0.2663574,-0.5473633,1.750483,22.23795
31.838,-0.7772217,0.2105713,-0.5269775,1.418153,11.44684
31.868,-0.8031006,0.2285156,-0.5209961,1.438552,1.881573
31.898,-0.7939453,0.3225098,-0.5073242,1.371787,-3.175367
31.928,-0.8289795,0.1976318,-0.5256348,0.933273,-5.687264
31.958,-0.8029785,0.1572266,-0.4986572,0.5579596,-7.127641
31.988,-0.7988281,0.1195068,-0.4890137,0.2165505,-8.655526
32.018,-0.782959,0.145752,-0.5107422,0.09489775,-10.05647
32.048,-0.7828369,0.1724854,-0.5,0.02843026,-9.117447
32.078,-0.7982178,0.1495361,-0.5203857,-0.05173775,-6.319328
32.108,-0.8065186,0.1494141,-0.5378418,0.0315367,-3.336616
32.138,-0.8233643,0.1741943,-0.5396729,0.2494779,-0.1005847
32.168,-0.7860107,0.2160645,-0.5301514,0.5640828,2.945088
32.198,-0.8153076,0.232666,-0.5222168,0.9146325,6.187061
32.228,-0.8131104,0.2515869,-0.5062256,1.252089,9.031453
32.258,-0.8046875,0.2655029,-0.5010986,1.441528,9.912705
32.288,-0.822998,0.2694092,-0.5015869,1.519637,8.87675
32.318,-0.8334961,0.2318115,-0.4958496,1.386605,5.825773
32.347,-0.8302002,0.2169189,-0.475708,1.152122,1.612876
32.377,-0.8448486,0.2263184,-0.4586182,0.8337518,-2.955989
32.407,-0.8555908,0.2346191,-0.4396973,0.5119512,-6.66443
32.438,-0.8571777,0.2407227,-0.4360352,0.2294214,-8.976293
32.467,-0.8587646,0.2166748,-0.4063721,0.1905355,-8.659079
32.497,-0.8699951,0.1954346,-0.4177246,0.2236224,-6.534148
32.527,-0.8862305,0.2067871,-0.4221191,0.4459405,-2.723798
32.557,-0.8909912,0.1854248,-0.427124,0.1891083,-0.8966675
32.587,-0.8863525,0.1866455,-0.4244385,-0.4248533,-2.93016
32.618,-0.8907471,0.2169189,-0.4212646,-0.8906441,-7.230352
32.647,-0.8759766,0.2103271,-0.4156494,-1.045858,-10.42919
32.677,-0.8594971,0.2220459,-0.4110107,-0.749661,-9.676831
32.707,-0.8480225,0.2055664,-0.4147949,-0.5522094,-4.634297
32.737,-0.8444824,0.2056885,-0.4130859,-0.4045955,1.339595
32.767,-0.875,0.2113037,-0.4145508,-0.447858,4.154824
32.797,-0.911377,0.2145996,-0.4133301,-0.618583,3.037524
