22.796,0.9558105,-0.0715332,-0.2034912,13.9175,0
22.826,0.9592285,-0.03076172,-0.1680908,13.35531,0
22.856,0.9849854,-0.0234375,-0.1337891,12.89225,0
22.886,0.965332,0.08166504,-0.161377,12.6965,0
22.916,0.9821777,0.04541016,-0.1611328,12.34393,0
22.946,0.9766846,0.04016113,-0.1254883,11.90165,-12.67538
22.976,0.9810791,-0.009033203,-0.07983398,11.42004,-12.38164
23.006,0.9851074,0.008178711,-0.08862305,10.89456,-13.58103
23.036,1.038086,-0.00390625,-0.01696777,10.30837,-15.97177
23.066,1.010986,0.204834,0.0123291,10.02642,-16.08843
23.096,1.516357,0.08947754,0.04992676,9.92112,-13.97114
23.126,1.303589,-0.07653809,0.1834717,10.04784,-9.584035
23.156,1.027344,0.07373047,0.4669189,10.50465,-2.701361
23.186,1.20874,0.006591797,0.1070557,11.71124,8.167378
23.216,1.138062,-0.007324219,-0.05480957,14.04232,24.67299
23.246,1.047119,0.07055664,-0.1533203,17.38615,48.10968
23.276,1.085327,-0.0447998,-0.2536621,19.55483,67.15287
23.306,1.127808,-0.3417969,-0.2800293,21.7214,79.00793
23.336,1.071167,-0.4542236,-0.2705078,24.36461,84.25979
23.366,0.9266357,-0.2937012,-0.2174072,28.83675,92.45152
23.396,0.9431152,-0.2042236,-0.2280273,34.66191,111.3026
23.425,0.9621582,-0.2203369,-0.1757813,39.12213,134.9847
23.456,0.9677734,-0.1740723,-0.1444092,42.59489,147.4851
23.485,1.011597,-0.1251221,-0.09265137,44.3391,139.484
23.516,1.0271,-0.1054688,-0.07080078,44.4523,105.3621
23.546,0.963501,-0.06774902,-0.01135254,44.42221,63.10534
23.575,0.9108887,-0.0447998,-0.01379395,43.41336,25.85729
23.606,0.8596191,-0.03808594,-0.01318359,41.47827,-8.044328
23.635,0.8317871,0.03417969,-0.005004883,38.33142,-37.99927
23.665,0.810791,0.06518555,0.001953125,34.6733,-66.24644
23.694,0.7762451,0.1376953,0.0579834,30.74317,-94.02421
23.724,0.8299561,0.1821289,0.02404785,28.33688,-106.9924
23.754,0.8031006,0.2563477,0.03369141,26.45708,-105.1749
23.784,0.7947998,0.2213135,0.1774902,24.51429,-92.19858
23.814,0.7583008,0.1717529,0.2218018,21.49964,-82.65913
23.844,1.505127,0.6627197,0.5350342,17.78204,-83.10489
23.874,1.427246,0.4290771,0.3237305,15.49282,-88.81908
23.904,0.5461426,-0.7231445,0.121582,14.65742,-85.50505
23.934,1.046143,-0.2120361,-0.4243164,15.11839,-66.47179
23.964,1.115112,0.2126465,-0.3024902,15.87224,-35.20319
23.996,0.9912109,0.01989746,-0.1998291,16.91665,-2.431224
24.024,0.9831543,0.1270752,-0.1883545,16.96644,14.16232
24.054,0.9788818,0.1153564,-0.1533203,16.89194,16.95464
24.084,1.013916,0.03894043,-0.07641602,16.36208,8.98689
24.114,1.074097,-0.06542969,-0.1187744,15.81866,-1.875047
24.144,1.032349,0.03283691,-0.06860352,15.15867,-12.31567
24.174,0.980835,0.03503418,-0.1555176,14.45207,-17.44297
24.204,0.9901123,-0.005493164,-0.15271,13.764,-20.9807
24.234,0.977417,0.0892334,-0.2043457,13.17212,-21.73373
24.264,0.9923096,0.1022949,-0.2070313,12.9138,-20.16383
24.294,0.9765625,-0.01452637,-0.1947021,12.76174,-16.37268
24.324,0.9766846,0.05969238,-0.1922607,12.03688,-14.61051
24.354,0.9880371,0.05810547,-0.151123,11.21435,-15.52957
24.384,0.9886475,0.02185059,-0.1298828,10.62784,-17.66154
24.414,0.9697266,-0.03845215,-0.1251221,10.62665,-17.77141
24.444,0.9649658,-0.08654785,-0.1397705,10.70451,-14.38414
24.474,0.9768066,-0.008911133,-0.1365967,10.57979,-8.396347
24.504,0.973877,0.01635742,-0.1126709,10.35001,-4.179025
24.534,0.9875488,-0.02636719,-0.1114502,9.954998,-4.113187
24.564,0.9897461,-0.0002441406,-0.07177734,10.03834,-5.161765
24.594,0.9864502,-0.0123291,-0.03161621,10.38153,-3.461188
24.624,1.203003,0.112793,-0.1113281,10.66039,0.5532223
24.654,1.310425,-0.09289551,-0.02526855,10.80235,4.496208
24.684,1.273315,0.03515625,0.2318115,10.61469,5.589831
24.714,1.200928,0.1331787,0.4005127,11.18848,6.27821
24.744,1.235474,-0.05834961,0.2954102,12.76631,12.68624
24.774,1.0271,0.04443359,0.001708984,15.08752,27.23937
24.804,1.001587,0.1932373,-0.3288574,18.27643,49.8731
24.834,1.294067,-0.3532715,-0.4836426,22.8331,80.64488
24.864,1.038818,-0.4152832,-0.3006592,25.96535,102.1654
24.894,0.989624,-0.2669678,-0.2504883,28.4678,110.1882
24.924,0.9375,-0.1518555,-0.2061768,30.97858,107.773
24.954,0.947998,-0.2767334,-0.2159424,33.8748,99.93405
24.984,0.951416,-0.1965332,-0.1123047,38.62361,100.1826
25.014,0.9899902,-0.1761475,-0.05932617,40.05028,98.84602
25.044,0.9753418,-0.1300049,0.03771973,40.4919,87.69944
25.074,0.9373779,-0.08349609,0.0534668,39.20685,59.44694
25.104,0.9119873,-0.01794434,0.04199219,37.4447,19.08651
25.134,0.8864746,0.01037598,0.02124023,36.68488,-17.90042
25.164,0.8278809,0.02001953,0.02587891,35.26784,-35.32898
25.194,0.8272705,0.03552246,0.03808594,33.22412,-46.58642
25.224,0.7995605,0.09472656,0.1334229,29.48665,-59.69499
25.254,0.8126221,0.1494141,0.1188965,25.20719,-80.78661
25.284,0.8022461,0.2799072,0.1466064,21.27582,-105.6807
25.314,0.7993164,0.2744141,0.1953125,19.17054,-114.8675
25.344,0.8607178,0.2878418,0.305542,17.92782,-106.0583
25.374,1.616333,0.6534424,0.3726807,16.55629,-84.37637
25.404,1.055908,0.4304199,0.2755127,15.50521,-60.86782
25.434,0.6674805,-0.411377,-0.005126953,14.79669,-42.63163
25.464,1.059326,-0.2408447,-0.3439941,15.44266,-27.69898
25.494,1.113647,0.1812744,-0.2039795,17.0472,-8.050038
25.524,1.072632,-0.06420898,-0.1193848,17.3599,8.847622
25.554,0.9746094,0.1217041,-0.168335,17.32703,17.52693
25.583,0.973999,0.2121582,-0.1953125,16.74701,15.09328
25.613,1.005737,0.164917,-0.1741943,16.74605,5.403528
25.643,1.005249,0.1604004,-0.1256104,16.79515,-3.520613
25.673,1.013062,0.1195068,-0.1234131,16.42629,-6.000975
25.703,1.009644,0.08239746,-0.1558838,15.77546,-8.292651
25.733,0.9902344,0.02624512,-0.1665039,14.68501,-12.94346
25.763,0.9810791,0.08911133,-0.1713867,14.09254,-19.28459
25.793,0.9869385,0.04418945,-0.1446533,13.74083,-22.25081
25.823,0.9997559,0.06445313,-0.1472168,13.61293,-19.77445
25.853,0.9786377,0.09533691,-0.1578369,13.41783,-14.62486
25.883,0.973877,0.07702637,-0.1578369,12.65302,-11.72567
25.913,0.9724121,0.06689453,-0.1307373,12.12389,-12.66834
25.944,0.9676514,0.03601074,-0.145874,11.7188,-14.54577
25.973,0.9787598,0.003295898,-0.1219482,11.65773,-14.6359
26.003,0.9880371,0.02990723,-0.1262207,11.61592,-11.81728
26.033,0.9683838,-0.03869629,-0.1011963,11.52763,-6.891677
26.063,0.9558105,0.01757813,-0.123291,11.54363,-3.366881
26.093,0.9840088,-0.07885742,-0.08251953,11.61308,-0.9154465
26.123,0.9686279,-0.01074219,-0.1203613,11.64917,-0.03362039
26.153,0.9812012,0.002563477,-0.08886719,11.65567,0.6027028
26.183,1.033691,0.1617432,-0.1080322,11.58575,0.631234
26.213,1.389771,-0.03161621,-0.01904297,11.54386,-0.07084246
26.243,1.363403,-0.04907227,0.2810059,11.51004,-0.8581752
26.273,1.296997,0.07458496,0.4227295,11.48665,-1.229891
26.303,1.211426,0.1235352,0.3223877,11.79371,0.3419996
26.333,1.080322,0.1252441,0.009887695,13.7131,10.82182
26.363,1.074219,0.1737061,-0.2346191,16.76131,31.4319
26.393,1.163818,-0.2915039,-0.3391113,21.41832,64.08069
26.423,1.124878,-0.416626,-0.3486328,26.68247,102.7629
26.453,1.057373,-0.2109375,-0.2940674,31.51531,135.4029
26.483,0.9986572,-0.2044678,-0.2545166,34.30046,145.2028
26.513,0.9980469,-0.317749,-0.1960449,36.82868,136.9677
26.543,0.953125,-0.3111572,-0.1495361,39.08624,115.7747
26.573,0.9361572,-0.2680664,-0.1126709,42.2247,98.04972
26.603,0.8985596,-0.2161865,-0.07348633,44,84.24164
26.633,0.8834229,-0.175415,-0.04711914,43.91377,69.25616
26.663,0.8682861,-0.1096191,-0.02685547,43.35941,46.5824
26.693,0.8408203,-0.02307129,-0.0189209,42.05584,17.30086
26.723,0.8153076,0.07226563,0.01550293,40.17405,-15.84767
26.753,0.8043213,0.1243896,0.04174805,37.35524,-43.56809
26.783,0.8249512,0.1674805,0.05908203,32.59217,-72.85936
26.813,0.8548584,0.2416992,0.1248779,28.03681,-102.6884
26.843,0.8835449,0.3217773,0.1633301,23.27261,-128.6581
26.873,0.9067383,0.3828125,0.2277832,18.54986,-147.5469
26.903,0.9025879,0.3724365,0.3410645,14.68018,-152.6347
26.933,0.8126221,0.3149414,0.3999023,12.43431,-138.6495
26.963,0.7144775,0.269165,0.199585,11.5675,-113.0773
26.992,1.951172,0.175415,0.01708984,11.24969,-79.84002
27.022,1.234253,0.3377686,0.6807861,11.09267,-46.57766
27.052,0.3861084,0.3361816,0.0003662109,11.26514,-20.58792
27.082,0.8115234,-0.4492188,-0.002197266,12.80912,0.8173482
27.113,1.066772,0.1494141,-0.2652588,13.65824,14.65981
27.142,1.012085,0.1422119,-0.1513672,14.26194,23.0921
27.172,0.9810791,0.1318359,-0.1608887,15.09457,28.41193
27.202,0.9842529,0.1347656,-0.1618652,15.94159,29.41667
27.232,0.9893799,0.2138672,-0.1796875,16.79857,26.39364
27.262,1.001587,0.1166992,-0.1142578,16.75173,22.89018
27.292,1.026367,0.08898926,-0.1375732,16.27865,15.15429
27.322,0.9842529,0.09375,-0.1824951,15.88958,4.70418
27.352,0.9873047,0.01599121,-0.2011719,15.53372,-4.989897
27.382,1.001831,0.02685547,-0.1662598,15.37202,-10.64367
27.412,1.010376,0.03991699,-0.137207,14.9124,-11.68805
27.442,0.9875488,0.03369141,-0.1470947,14.17066,-12.98404
27.472,0.9885254,-0.03820801,-0.1560059,13.64403,-15.02528
27.503,0.9918213,0.1755371,-0.1513672,13.23851,-16.49386
27.532,0.9681396,0.03271484,-0.1245117,13.05235,-16.28866
27.562,0.9733887,0.03979492,-0.1679688,12.73218,-13.96058
27.592,0.9699707,0.02832031,-0.1573486,12.33449,-11.54487
27.622,0.9639893,-0.01123047,-0.1281738,11.93481,-11.06323
27.652,0.9761963,-0.03710938,-0.08728027,11.49967,-11.91565
27.682,0.9633789,0.01501465,-0.05371094,10.91562,-14.07699
27.712,0.9710693,0.05883789,0.009155273,10.94165,-12.99468
27.742,0.9763184,0.121582,0.09936523,11.20901,-8.7533
27.772,0.8833008,0.2574463,0.02856445,11.18864,-4.358882
27.802,1.181274,0.04650879,-0.05847168,11.07116,-1.005868
27.832,1.465698,-0.2260742,0.08251953,10.63459,-0.9876219
27.862,1.314575,-0.07409668,0.2506104,11.03723,-1.297923
27.892,1.313599,0.07971191,0.12854,12.32229,4.452965
27.922,1.219727,0.06677246,-0.03356934,14.6347,20.36796
27.952,1.106689,0.08654785,-0.177002,17.83684,44.87028
27.982,1.012817,-0.1153564,-0.2523193,22.08654,76.16285
28.012,1.037476,-0.2816162,-0.2025146,24.73382,96.16937
28.042,0.9812012,-0.194458,-0.2058105,26.67245,101.236
28.072,0.9863281,-0.09545898,-0.2025146,29.07266,96.51799
28.102,0.9154053,-0.1080322,-0.1121826,32.05028,89.48971
28.132,0.9581299,-0.1505127,-0.1488037,36.96031,94.01755
28.162,0.9638672,-0.1491699,-0.1069336,40.27883,106.2536
28.192,0.9396973,-0.1191406,-0.07006836,42.61238,112.5983
28.222,0.9387207,-0.07824707,-0.04907227,43.08294,100.0536
28.252,0.9300537,-0.06433105,-0.02453613,43.07166,72.19843
28.282,0.9306641,-0.01525879,0.004638672,42.3455,34.07139
28.312,0.9133301,-0.008789063,0.03601074,41.24969,3.849851
28.342,0.921875,0.02514648,0.07385254,39.51263,-20.69017
28.372,0.9189453,0.05102539,0.1083984,36.50919,-42.51584
28.402,0.9296875,0.0994873,0.1081543,32.72668,-67.59132
28.432,0.9443359,0.1451416,0.1466064,28.48746,-93.20254
28.462,0.9415283,0.1920166,0.1712646,25.88423,-108.2718
28.492,0.9156494,0.2304688,0.237915,24.06859,-107.9374
28.522,0.8717041,0.3823242,0.2493896,21.93288,-96.62766
28.552,0.8876953,0.3563232,0.2271729,19.4838,-83.51787
28.582,0.8841553,0.3012695,0.2629395,15.85635,-80.4691
28.611,0.8353271,0.2435303,0.2935791,13.54563,-84.93772
28.641,0.7915039,0.2419434,0.2570801,11.8163,-86.42415
28.672,0.7687988,0.2247314,0.1798096,10.79083,-77.38123
28.701,1.359253,0.3674316,0.1516113,10.53038,-58.98634
28.731,1.433716,0.1804199,0.4963379,10.59961,-34.7415
28.761,0.7200928,0.2460938,-0.1280518,10.81536,-16.79214
28.791,0.8572998,-0.2670898,-0.241333,11.3037,-2.329858
28.821,1.0271,0.1259766,-0.4509277,12.29578,9.656005
28.851,0.9605713,0.1169434,0.02270508,13.39929,18.97271
28.881,1.03772,0.01708984,-0.1082764,14.04328,24.72589
28.911,0.9519043,0.1765137,-0.1204834,14.04761,24.26997
28.941,1.016602,0.1314697,-0.06140137,13.84858,17.737
28.971,0.9993896,0.08276367,-0.119873,13.96749,9.248348
29.001,1.010254,0.03234863,-0.1760254,14.10428,2.951004
29.031,0.9824219,0.09545898,-0.2145996,13.96686,-0.08877754
29.062,0.9693604,0.1226807,-0.1817627,13.6717,-1.325791
29.091,1.009521,0.06677246,-0.1816406,13.19639,-4.065873
29.121,0.9749756,0.02490234,-0.1505127,12.97308,-7.593885
29.151,0.9715576,-0.03137207,-0.164917,12.87129,-9.167171
29.181,0.9676514,-0.04418945,-0.1534424,12.84375,-7.865691
29.211,0.9666748,0.06018066,-0.1414795,12.66502,-5.913912
29.241,0.9725342,-0.003417969,-0.1791992,12.26232,-5.354358
29.271,0.9555664,-0.03967285,-0.21875,11.60545,-8.422675
29.301,0.9550781,-0.02355957,-0.1716309,10.99258,-12.86777
29.331,0.921875,-0.03918457,-0.09082031,10.81668,-15.05668
29.361,0.9508057,-0.02880859,-0.04077148,10.90283,-13.10545
29.391,0.9283447,0.09277344,0.01184082,11.18475,-7.306295
29.421,0.8740234,0.1905518,-0.1142578,10.95327,-2.474525
29.451,1.34021,0.04504395,-0.161377,10.72243,-0.6276912
29.481,1.420776,-0.1308594,-0.02099609,10.98505,0.06587223
29.511,1.311279,0.008300781,0.3596191,11.63117,2.677849
29.541,1.306519,0.2298584,0.2393799,12.90647,10.38564
29.571,1.214233,-0.0111084,0.1773682,15.06369,26.42888
29.601,1.182617,0.09106445,-0.04101563,17.49936,45.13893
29.631,1.105591,-0.08947754,-0.3631592,19.15901,57.74436
29.661,1.142334,-0.3214111,-0.4194336,21.90828,69.12272
29.691,1.028809,-0.4581299,-0.276001,25.73692,82.234
29.721,0.9283447,-0.2687988,-0.2484131,32.10011,107.28
29.751,0.9382324,-0.2568359,-0.2172852,38.70772,141.6131
29.781,0.9403076,-0.3275146,-0.2008057,42.9521,167.359
29.811,0.9190674,-0.2336426,-0.142334,43.98645,160.6133
29.841,0.9090576,-0.149292,-0.08459473,44.29526,126.3763
29.871,0.9095459,-0.1096191,-0.07922363,43.86606,72.97783
29.901,0.9080811,0.001220703,-0.09179688,42.70923,21.96017
29.931,0.8382568,0.01965332,-0.07116699,40.23686,-16.98773
29.961,0.8210449,0.0534668,-0.05334473,36.8723,-46.5741
29.991,0.836792,0.1026611,-0.05175781,32.32056,-79.3592
30.021,0.8078613,0.1400146,0.06835938,27.68673,-109.9307
30.051,0.7888184,0.2827148,0.1785889,23.68209,-130.7979
30.081,0.800293,0.4831543,0.2277832,21.67513,-130.4886
30.111,0.6832275,0.3907471,0.2563477,19.62693,-116.3502
30.141,1.228882,0.7305908,0.8869629,17.71014,-94.51281
30.171,1.720093,-0.1943359,-0.4348145,15.24614,-78.25428
30.201,0.5882568,-0.4975586,-0.3157959,13.80637,-67.22132
30.231,0.9383545,-0.4519043,-0.5411377,14.68519,-52.26227
30.26,1.108276,0.2592773,-0.34375,15.65101,-29.19354
30.29,0.9790039,0.1195068,-0.1907959,16.9005,-1.968887
30.32,0.9595947,0.1488037,-0.2401123,16.84157,17.47588
30.35,0.9499512,0.2723389,-0.2296143,16.70509,21.28412
30.38,1.012207,-0.01538086,-0.09155273,16.85333,13.30523
30.41,0.9884033,-0.08093262,-0.07202148,16.78191,5.120517
30.44,0.986084,0.06079102,-0.1031494,16.5128,-1.875451
30.47,0.9910889,-0.02001953,-0.1427002,15.71128,-5.999739
30.5,1.026367,0.09448242,-0.2456055,14.75479,-12.80642
30.53,0.9946289,0.1347656,-0.1940918,14.26469,-18.882
30.56,0.9710693,0.00378418,-0.2456055,13.93169,-20.90663
30.59,0.9818115,-0.0982666,-0.1776123,13.70172,-18.93741
30.621,1.011963,-0.05383301,-0.1912842,13.28219,-14.81412
30.65,1.01416,0.01708984,-0.2058105,12.93722,-11.64772
30.68,1.009644,0.1213379,-0.1556396,12.80686,-10.17604
30.71,1.046875,0.09448242,0.06994629,12.8059,-8.25906
30.74,1.083984,0.1060791,0.3066406,12.85839,-5.518306
30.77,1.333984,0.3931885,0.3565674,13.13293,-0.9259095
30.8,1.664795,0.2567139,0.5264893,13.67745,4.506512
30.83,1.375854,0.3023682,0.2979736,14.77442,12.12091
30.86,1.128418,0.3903809,-0.3479004,17.25315,27.17032
30.89,1.507324,-0.2236328,-0.5324707,21.73365,55.07991
30.92,1.249878,-0.6669922,-0.4158936,28.5932,98.99875
30.95,1.078613,-0.4483643,-0.2819824,35.91492,149.6421
30.98,0.9541016,-0.3505859,-0.3085938,40.439,182.0645
31.01,0.881958,-0.3103027,-0.2384033,42.81912,182.1596
31.04,0.8620605,-0.4395752,-0.2662354,44.07148,151.3248
31.07,0.786377,-0.296875,-0.2346191,46.10709,108.9707
31.1,0.8094482,-0.1751709,-0.2224121,47.15556,70.91415
31.13,0.7612305,-0.1618652,-0.2126465,44.55252,33.91672
31.16,0.7312012,-0.114502,-0.2342529,42.2847,-0.1718938
31.19,0.6896973,-0.1268311,-0.09875488,39.75942,-33.93381
31.22,0.8145752,-0.009277344,0.06323242,37.0997,-66.18401
31.25,0.8258057,0.37146,0.1645508,33.48926,-88.77645
31.28,0.8249512,0.7612305,0.4580078,26.14949,-115.2964
31.31,0.8399658,0.4735107,0.4443359,19.62971,-150.205
31.34,0.6737061,0.2460938,0.4144287,13.4405,-182.2327
31.37,1.330566,0.7089844,0.3250732,10.64559,-189.4635
31.4,1.426392,-0.03527832,0.2099609,10.05766,-161.7704
31.43,0.5450439,-0.6553955,-0.3654785,10.63449,-103.8914
31.46,0.9873047,-0.4036865,-0.5821533,11.46226,-47.46968
31.49,1.092041,0.1166992,-0.1245117,12.77884,-0.2680544
31.52,0.9956055,-0.05615234,-0.2070313,14.50183,26.92617
31.55,0.9910889,0.1624756,-0.2526855,16.15989,41.36162
31.58,0.9871826,0.192627,-0.2344971,17.00301,45.38899
31.61,0.9781494,-0.02734375,-0.07202148,17.22877,41.10776
31.64,1.008057,-0.04797363,-0.1043701,17.29783,30.11325
31.67,0.9758301,0.1014404,-0.1408691,17.0944,15.81184
31.7,0.9957275,0.05859375,-0.1888428,16.64908,2.656339
31.73,0.9841309,0.04931641,-0.211792,15.82775,-7.446493
31.76,1.012939,0.04003906,-0.1724854,14.94225,-15.51255
31.79,0.9466553,-0.07324219,-0.1466064,13.93256,-22.95627
31.82,1.009033,-0.05029297,-0.1524658,13.1506,-27.38479
31.85,1.009888,-0.06201172,-0.08117676,12.60114,-27.88651
31.879,1.01062,0.04345703,-0.09472656,12.39921,-23.8968
31.91,1.053955,0.02148438,-0.01940918,12.14607,-18.27235
31.939,1.052368,-0.003051758,0.1199951,11.91624,-12.74077
31.969,1.066284,0.05725098,0.203125,11.55412,-9.866434
31.999,1.241211,0.4539795,0.1520996,11.39101,-8.444463
32.029,1.606567,0.3587646,0.4312744,12.48642,-2.088353
32.059,1.375977,0.2255859,0.4453125,13.44501,7.731752
32.089,1.215698,0.2354736,-0.1074219,14.51806,18.83541
32.119,1.281372,-0.1287842,-0.399292,16.43279,33.07911
32.149,1.210327,-0.3786621,-0.4281006,19.6974,51.85152
32.18,1.294312,-0.6120605,-0.3591309,27.9575,93.13626
32.209,1.056152,-0.3139648,-0.2762451,35.81717,147.6123
32.239,0.9661865,-0.3966064,-0.3248291,44.72692,206.7886
32.269,0.8933105,-0.3769531,-0.2321777,49.89015,238.4774
32.299,0.814209,-0.4296875,-0.2485352,52.40914,227.5446
32.329,0.7451172,-0.3764648,-0.1855469,53.218,173.233
32.359,0.7321777,-0.1014404,-0.1706543,52.56355,106.4039
32.389,0.7327881,-0.1778564,-0.1873779,50.05181,33.76526
32.419,0.7442627,0.05187988,-0.01623535,45.62726,-27.65799
32.449,0.7667236,0.1246338,-0.02392578,39.41643,-85.95003
32.479,0.8470459,0.248291,0.114624,31.82712,-143.6384
32.509,0.9051514,0.5498047,0.4030762,24.70473,-190.6467
32.539,0.8463135,0.5645752,0.4396973,17.83375,-220.4259
32.569,0.7186279,0.3662109,0.4012451,14.1737,-218.2269
32.599,0.8360596,0.3447266,0.3095703,12.79823,-183.7355
32.629,2.056396,0.7570801,0.2904053,12.52776,-129.406
32.659,0.2159424,-0.2972412,-0.006835938,12.64853,-73.88044
32.689,0.8236084,-0.6297607,-0.4570313,13.19275,-26.71525
32.719,1.093506,-0.0949707,-0.1865234,14.57543,3.155207
32.749,0.9815674,0.05981445,-0.1777344,16.29015,22.99697
32.779,0.9978027,0.05249023,-0.2508545,17.30352,34.46318
32.809,1.003906,0.2666016,-0.2437744,17.57702,36.84713
32.839,0.9871826,0.03662109,-0.08996582,17.66538,30.83934
32.869,1.012451,0.04467773,-0.1154785,17.53188,18.26801
32.899,0.9790039,0.08532715,-0.1386719,17.169,4.921579
32.929,0.9840088,0.06762695,-0.1307373,16.24031,-6.355797
32.959,1.010498,0.04089355,-0.1798096,15.54134,-14.11093
32.989,1.005859,0.03710938,-0.1604004,14.93206,-19.58754
33.019,0.99646,0.01171875,-0.1514893,14.65581,-20.75248
33.049,1.024902,-0.121582,-0.09155273,14.48701,-17.87877
33.079,1.045654,-0.007324219,-0.08947754,14.12425,-13.35192
33.109,1.040527,-0.04760742,-0.04870605,13.99048,-9.853816
33.139,1.048218,0.01953125,-0.05419922,13.93881,-6.976193
33.169,1.051636,-0.04443359,0.06884766,14.14555,-4.123523
33.199,1.105225,0.1539307,0.1407471,14.41847,-0.3147731
33.229,1.421509,0.5770264,0.2121582,14.44446,2.944518
33.259,1.59082,0.2371826,0.5345459,14.76223,5.379657
33.289,1.305054,0.3232422,0.3370361,15.6369,9.872838
33.319,1.324219,0.1467285,-0.2601318,17.58032,20.13991
33.349,1.226318,-0.1748047,-0.4257813,20.89222,40.61999
33.379,1.199951,-0.6123047,-0.2770996,27.35851,80.8606
33.409,1.130981,-0.4654541,-0.2908936,34.73063,131.7321
33.439,0.9627686,-0.3244629,-0.3040771,43.21687,186.4925
33.469,0.8505859,-0.253418,-0.2589111,47.5766,213.6452
33.499,0.8961182,-0.3337402,-0.2381592,49.53609,202.2475
33.529,0.9022217,-0.3323975,-0.2474365,50.37795,156.0698
33.559,0.7993164,-0.2489014,-0.1126709,50.18431,95.91537
33.589,0.7973633,-0.08728027,-0.1529541,49.11797,36.35284
33.618,0.7322998,0.03735352,-0.1080322,45.43364,-11.48473
33.648,0.6921387,0.005126953,-0.09753418,40.51476,-58.40776
33.678,0.8054199,0.1237793,-0.05224609,37.96561,-90.97546
33.708,0.8981934,0.2443848,0.1126709,34.72819,-110.9851
33.739,0.8762207,0.5705566,0.4208984,30.8406,-120.0127
33.768,0.9608154,0.579834,0.3635254,24.79349,-128.578
33.798,0.8205566,0.2987061,0.4573975,17.9552,-148.4915
33.828,0.5871582,0.1091309,-0.01098633,13.08665,-172.2005
33.858,1.018677,0.08056641,-0.5961914,12.22548,-164.7828
33.888,1.631348,0.1287842,0.7098389,12.00041,-130.7139
33.918,0.7501221,-0.1796875,-0.1605225,12.47953,-76.47172
33.948,0.9304199,-0.4394531,-0.3286133,13.42312,-23.5303
33.978,0.9952393,0.260376,-0.02197266,14.37899,10.03212
34.008,0.9200439,0.05566406,-0.2880859,15.46865,23.13823
34.038,0.9906006,0.2921143,-0.1696777,16.63943,31.54129
34.068,0.9708252,0.1137695,-0.09216309,16.69067,30.2803
34.098,1.017822,0.09899902,-0.07055664,16.67782,23.21842
34.129,1.023682,0.1396484,-0.2021484,16.46793,13.34935
34.158,0.9822998,0.1787109,-0.241333,16.14874,2.728112
34.188,0.9776611,0.1052246,-0.1986084,15.61748,-6.59581
34.218,0.9122314,0.04907227,-0.144043,15.04747,-11.1561
34.248,0.9821777,0.06970215,-0.2330322,14.48015,-15.06855
34.278,0.9764404,0.003540039,-0.1165771,14.13653,-16.49524
34.308,1.001709,-0.01171875,-0.07116699,13.58991,-16.95651
34.338,1.011597,0.02038574,-0.1049805,12.88293,-17.51339
34.368,1.025635,-0.06335449,-0.1102295,12.46023,-17.4043
34.398,1.02832,-0.06567383,-0.07800293,12.28225,-15.92897
34.428,1.074097,0.01794434,-0.02880859,12.39131,-12.44936
34.458,1.106567,0.125,0.1048584,12.41257,-7.180539
34.488,1.421265,0.3728027,0.2503662,12.42558,-2.210186
34.518,1.43335,0.1359863,0.5825195,13.3471,4.652953
34.548,1.389282,0.3796387,0.3092041,15.34693,17.33694
34.578,1.216675,0.4085693,-0.4104004,20.46023,47.68498
34.608,1.342163,-0.2209473,-0.4073486,24.04135,80.23592
34.638,1.270752,-0.7567139,-0.3377686,27.11175,105.359
34.668,1.053467,-0.3635254,-0.324585,31.54379,123.6752
34.698,1.061157,-0.44104,-0.425293,37.03751,137.88
34.728,0.9085693,-0.387207,-0.2702637,45.2217,159.2646
34.758,0.8345947,-0.3901367,-0.2601318,48.32701,172.6208
34.788,0.8249512,-0.3947754,-0.2695313,49.56579,162.6706
34.818,0.8175049,-0.2823486,-0.1733398,49.43276,123.9381
34.848,0.7770996,-0.1164551,-0.1921387,48.5885,68.21613
34.878,0.7468262,-0.09436035,-0.07421875,45.77469,3.2537
34.908,0.7384033,-0.07617188,-0.08312988,41.29785,-45.10798
34.938,0.8376465,0.06005859,-0.02770996,34.28361,-98.69473
34.968,0.7740479,0.2614746,0.2762451,27.77343,-148.2744
34.998,0.7908936,0.6716309,0.4898682,21.34447,-187.8458
35.028,0.8553467,0.4725342,0.4316406,15.37739,-207.9588
35.058,0.6715088,0.1586914,0.3433838,12.05397,-199.3972
35.088,1.956543,0.3334961,0.4299316,10.28755,-164.8627
35.118,1.133911,-0.001464844,0.0300293,10.40862,-117.4459
35.148,0.71521,-0.6300049,-0.7485352,11.0604,-64.85056
35.178,0.9855957,-0.4589844,-0.2653809,12.77257,-15.12737
35.207,1.077515,-0.05505371,-0.1461182,14.44195,19.10775
35.238,0.9833984,0.1915283,-0.2540283,16.43044,42.52803
35.267,0.9798584,0.1778564,-0.2510986,17.22055,49.66625
35.298,0.9750977,0.2258301,-0.1680908,17.40527,44.86338
35.327,1.012451,0.06530762,-0.06481934,17.06338,29.75146
35.357,0.980835,0.06542969,-0.08215332,16.62921,12.49539
35.387,1.009521,0.1226807,-0.1541748,15.99619,-4.113553
35.417,0.9621582,0.112915,-0.1231689,15.39439,-13.15997
35.447,1.004272,0.09985352,-0.1611328,14.80572,-17.84366
35.477,1.001465,0.06713867,-0.1762695,14.28596,-19.00891
35.507,1.016724,0.02856445,-0.171875,14.03184,-17.81546
35.537,1.01062,-0.0489502,-0.206665,13.91184,-14.31349
35.567,1.013794,-0.02636719,-0.1488037,13.8163,-10.31065
35.597,0.9953613,-0.005004883,-0.08972168,13.73195,-6.56937
35.627,1.038208,0.1315918,-0.08276367,13.53377,-4.529662
35.657,1.056763,0.1386719,0.03613281,13.39439,-4.196002
35.688,1.078491,0.1826172,0.2528076,13.28405,-4.362755
35.717,1.220703,0.4946289,0.2905273,13.25414,-4.07976
35.747,1.644043,0.3765869,0.4367676,13.30162,-2.955847
35.777,1.324097,0.434082,0.3808594,13.91701,1.523845
35.807,1.179199,0.4399414,-0.3356934,15.64783,12.62306
35.837,1.338135,-0.2915039,-0.5679932,19.61699,37.84187
35.868,1.223633,-0.6947021,-0.4313965,25.76617,79.07794
35.897,1.03064,-0.579834,-0.2111816,33.03206,131.1854
35.927,0.9666748,-0.3973389,-0.2668457,40.05361,179.7033
35.957,0.9071045,-0.381958,-0.2209473,44.92038,204.824
35.987,0.9171143,-0.4266357,-0.2557373,47.11056,192.8354
36.017,0.8779297,-0.4108887,-0.2042236,47.37648,148.2846
36.047,0.854126,-0.2619629,-0.03100586,47.28837,90.89554
36.077,0.8814697,-0.138916,-0.1350098,45.58045,33.33723
36.107,0.8231201,-0.01281738,-0.1019287,42.6797,-15.12552
36.137,0.7445068,-0.0300293,-0.104248,37.89076,-58.94978
36.167,0.8215332,-0.05004883,-0.06958008,35.09027,-88.11871
36.197,0.869873,0.1379395,0.0814209,32.78967,-103.5743
36.227,0.8339844,0.4558105,0.2084961,29.9944,-105.1437
36.257,0.8461914,0.6306152,0.2984619,25.87962,-104.7524
36.287,0.8070068,0.302002,0.3813477,19.26388,-117.6777
36.317,0.6960449,0.1546631,0.3272705,14.25929,-141.7591
36.347,1.828491,0.8417969,0.3400879,11.26438,-153.7596
36.377,0.8504639,-0.4560547,0.4389648,11.48918,-134.6442
36.407,0.7388916,-0.3569336,-0.7006836,12.45961,-88.97054
36.437,1.031128,-0.1103516,-0.5256348,14.76752,-26.33908
36.467,1.078247,0.1773682,-0.05029297,15.2781,15.78472
36.497,1.03186,-0.1107178,-0.2047119,15.5866,33.60554
36.527,0.9790039,0.1972656,-0.1665039,16.26492,32.16213
36.557,0.9976807,0.06408691,-0.1677246,16.78371,25.16304
36.587,1.030029,0.08959961,-0.1431885,17.02856,15.71459
36.617,1.009033,0.1469727,-0.2110596,17.02166,12.91658
36.647,0.9836426,0.1040039,-0.2062988,16.94475,8.862682
36.677,0.9731445,0.0814209,-0.2807617,16.48224,1.488426
36.707,1.001953,-0.04931641,-0.2489014,15.91642,-5.764126
36.737,0.9827881,0.002075195,-0.19104,15.2924,-11.86572
36.767,1.025146,-0.08154297,-0.1502686,14.91523,-15.29047
36.797,1.007446,-0.05981445,-0.1086426,14.53161,-16.56263
36.827,0.9921875,-0.001953125,-0.1049805,13.62191,-17.93642
36.857,1.001953,0.07568359,-0.1052246,12.72828,-20.31981
36.887,1.020508,0.09924316,-0.0168457,12.00198,-22.78353
36.917,1.072021,-0.0002441406,0.1534424,12.18471,-21.08108
36.947,1.181396,0.2529297,0.2423096,12.80275,-13.03066
36.977,1.542603,0.4858398,0.4146729,13.43224,-0.5163935
37.007,1.348389,0.3295898,0.5952148,14.44134,12.83253
37.037,1.208496,0.2526855,0.06445313,16.13239,26.71567
37.067,1.315674,-0.06054688,-0.3653564,17.47352,35.65909
37.097,1.188843,-0.4929199,-0.3200684,19.14642,43.36497
37.127,1.118408,-0.5996094,-0.2821045,22.92365,59.91752
37.157,1.010986,-0.3414307,-0.2871094,28.44662,87.6886
37.187,0.9768066,-0.2996826,-0.2982178,36.57053,132.2736
37.217,0.9816895,-0.4388428,-0.2687988,42.19866,172.782
37.247,0.9117432,-0.3984375,-0.2298584,45.7997,189.729
37.277,0.8604736,-0.2727051,-0.1751709,46.70397,168.18
37.307,0.8363037,-0.203125,-0.1929932,46.63119,118.9754
37.337,0.7749023,-0.07080078,-0.1629639,45.74508,57.21386
37.367,0.7440186,-0.05004883,-0.1044922,43.4528,5.746698
37.397,0.7773438,0.02990723,-0.04614258,39.48987,-40.17978
37.427,0.8620605,0.208374,0.04089355,33.53435,-85.29934
37.457,0.8682861,0.3911133,0.2810059,27.20671,-131.1595
37.487,0.824707,0.4852295,0.4053955,21.16538,-169.1355
37.517,0.7288818,0.3322754,0.420166,17.68473,-181.0871
37.547,0.6044922,0.2445068,0.151001,15.54602,-165.0566
37.577,1.728027,0.9277344,-0.02832031,13.848,-130.3757
37.607,0.5524902,-0.3736572,0.37854,12.97331,-90.7218
37.637,0.7504883,-0.583374,-0.5733643,12.57497,-55.98508
37.667,1.138306,-0.1313477,-0.4893799,13.94236,-27.14255
37.697,1.042725,0.01220703,-0.1878662,16.26233,3.301261
37.727,1.006104,-0.08874512,-0.1954346,17.52205,28.195
37.757,1.010742,0.2264404,-0.2521973,18.25606,41.5
37.787,1.03064,-0.1171875,-0.1761475,18.57462,42.09435
37.817,1.052612,0.123291,-0.2017822,18.22726,27.70988
37.847,0.9798584,0.1401367,-0.1866455,17.37069,7.596153
37.877,1.001587,0.1759033,-0.1999512,16.21487,-9.085139
37.907,0.9647217,-0.02050781,-0.241333,15.00331,-23.0472
37.937,0.949585,0.1159668,-0.2114258,13.88188,-32.65843
37.967,1.053345,-0.004272461,-0.1517334,13.21293,-34.99964
37.997,1.05127,-0.04699707,-0.03234863,12.93342,-30.77481
38.027,1.079834,0.09155273,0.008422852,12.92812,-22.20221
38.057,1.084229,0.1864014,0.1611328,12.73088,-13.81232
38.087,1.179199,0.2364502,0.4024658,12.04241,-10.14172
38.117,1.174438,0.4394531,0.6872559,12.00267,-8.496758
38.147,1.819946,0.5219727,0.4504395,12.38998,-5.887689
38.177,1.458008,0.2078857,0.2154541,15.79995,12.66348
38.207,1.381226,0.01818848,-0.4813232,16.99912,31.42964
38.237,1.430298,-0.4412842,-0.4471436,20.2356,56.53834
38.267,1.280518,-0.6490479,-0.4345703,28.50809,102.1554
38.297,1.183228,-0.4985352,-0.3835449,32.44121,134.8734
38.327,1.036499,-0.4168701,-0.4576416,41.73265,175.4879
38.356,0.8613281,-0.5288086,-0.3837891,48.487,216.0698
38.386,0.6905518,-0.489624,-0.3470459,52.27737,220.1843
38.417,0.6385498,-0.4677734,-0.4577637,53.12985,180.7482
38.447,0.4992676,-0.4150391,-0.3172607,53.04469,133.8255
38.476,0.5474854,-0.3094482,-0.3013916,50.88272,57.39072
38.507,0.5976563,-0.1002197,0.1124268,49.91486,2.847148
38.536,0.7718506,0.3973389,0.2126465,45.76447,-42.10723
38.566,0.777832,0.7352295,0.5444336,25.97058,-152.0019
38.596,0.8099365,0.5710449,0.6273193,21.18869,-228.0985
38.626,1.236938,0.6936035,0.9006348,14.37367,-275.3705
38.656,1.856567,-0.6669922,-1.121948,10.94695,-281.076
38.685,0.2127686,-1.15979,-0.4455566,9.722738,-222.4121
38.716,1.160156,-0.6777344,-1.081421,11.16714,-106.7496
38.745,1.386475,0.01806641,-0.4124756,14.29269,-43.45436
38.775,0.9708252,-0.1531982,-0.4737549,17.01671,23.6901
38.807,1.090454,0.2145996,-0.4381104,18.55651,59.88583
38.835,1.068481,0.01379395,-0.2788086,18.89815,67.21943
38.865,1.070923,0.06018066,-0.05822754,19.00043,52.1374
38.896,1.0177,0.07409668,-0.1251221,18.90812,27.97577
38.925,0.9428711,-0.0111084,-0.114502,17.79534,4.895941
38.955,0.9643555,0.07922363,-0.0579834,16.28477,-14.21462
38.985,0.9921875,0.1656494,-0.01550293,14.3982,-30.21672
39.015,0.9975586,0.2392578,0.1639404,13.38937,-41.13163
39.045,1.033203,0.4416504,0.3914795,12.76324,-43.85115
39.075,1.246948,0.4787598,0.7111816,12.2855,-37.25962
39.105,1.327026,0.7531738,0.9473877,11.92363,-27.39992
39.135,2.038086,0.5698242,0.5258789,11.57525,-18.08543
39.165,1.578857,0.1925049,-0.1842041,13.17216,-4.773249
39.196,1.725586,-0.4155273,-0.7250977,17.41046,24.36585
39.225,1.503784,-0.7883301,-0.5108643,26.03347,82.31696
39.255,1.392456,-0.6950684,-0.6760254,36.38105,161.3664
39.285,0.9431152,-0.574585,-0.4749756,47.54465,245.7572
39.315,0.730957,-0.6280518,-0.4516602,53.47585,288.5608
39.345,0.586792,-0.4768066,-0.5043945,56.2218,275.0565
39.375,0.3043213,-0.579834,-0.5507813,56.90429,209.3405
39.405,0.2962646,-0.6114502,-0.6546631,56.26058,124.0215
39.435,0.5720215,-0.3494873,-0.3665771,53.30622,36.04242
39.465,0.7906494,-0.02880859,0.3204346,46.57136,-41.82181
39.495,1.067017,1.067627,0.2615967,36.20846,-127.638
39.525,0.9527588,0.7475586,0.6850586,26.03169,-210.7183
39.555,0.5822754,0.3758545,0.6722412,18.38057,-268.1777
39.585,1.940186,1.029175,-0.5883789,14.2094,-276.4126
39.615,0.5028076,-0.9349365,0.5926514,14.2032,-224.2753
39.645,0.5609131,-0.6456299,-0.7460938,14.35922,-141.8122
39.675,1.291016,-0.08483887,-0.4901123,15.43815,-61.94089
39.705,0.9072266,0.2072754,-0.3594971,16.4807,-5.387667
39.735,1.039307,0.1954346,-0.3498535,17.23414,21.93822
39.765,0.984375,0.1400146,-0.177124,17.17411,23.35416
39.795,1.055054,0.1137695,-0.04443359,16.86306,17.6005
39.825,1.09082,0.0078125,-0.02685547,16.7011,7.04933
39.855,1.044434,0.1063232,-0.03796387,16.31456,-2.610375
39.885,1.045288,0.1453857,0.02941895,15.39913,-11.34825
39.915,1.051025,0.126709,0.1069336,14.49577,-17.30481
39.945,1.076416,0.2132568,0.1699219,13.82778,-21.6265
39.975,1.115479,0.3939209,0.3875732,13.8952,-21.32682
40.005,1.29126,0.5230713,0.8303223,14.13997,-15.2883
40.035,1.428589,0.7709961,0.9199219,14.64081,-4.563429
40.065,1.982056,0.5979004,0.4179688,15.71354,8.354936
40.095,1.578857,0.04956055,-0.3227539,17.75191,24.35856
40.125,1.613281,-0.6363525,-0.7080078,22.85527,54.00845
40.155,1.69873,-0.7331543,-0.670166,30.33634,102.5367
40.185,1.256958,-0.5130615,-0.7000732,41.04512,172.3746
40.215,0.8186035,-0.6065674,-0.581665,47.64277,225.7208
40.245,0.7338867,-0.4665527,-0.567627,51.86271,243.4526
40.275,0.4793701,-0.7121582,-0.5449219,53.86776,215.4659
40.305,0.347168,-0.637085,-0.6547852,53.82245,152.4937
40.335,0.4372559,-0.2861328,-0.2998047,52.26342,72.98628
40.365,0.5927734,-0.2337646,0.2716064,46.26868,-5.441533
40.395,0.8782959,0.7169189,0.2630615,36.00002,-98.73305
40.424,0.8553467,1.013306,0.7275391,26.60869,-187.0518
40.454,0.7143555,0.1368408,0.939209,18.98239,-250.7268
40.484,0.5,0.1313477,0.1571045,14.77514,-267.6285
40.514,3.144653,-0.09753418,-0.4919434,13.42382,-225.811
40.544,0.4545898,-0.3126221,-0.394165,13.09369,-151.2024
40.574,0.7363281,-0.3933105,-0.725708,13.52025,-80.43775
40.604,1.212036,-0.02856445,-0.4360352,14.82852,-23.68014
40.634,0.9367676,-0.008666992,-0.4510498,17.70752,18.3834
40.664,1.05835,0.02966309,-0.3144531,18.89598,40.48627
40.694,1.067261,0.05944824,-0.270752,19.33786,47.83525
40.724,1.078857,-0.02905273,-0.2303467,19.11485,40.65663
40.755,1.055176,-0.02819824,-0.1086426,18.48677,21.68133
40.784,1.025269,-0.01403809,-0.1105957,17.65764,-1.612766
40.814,1.025391,0.009887695,-0.07678223,16.88155,-14.95624
40.844,1.021362,0.07250977,-0.01257324,16.03436,-22.90777
40.874,1.143311,0.03894043,0.07214355,14.93208,-27.73832
40.904,1.070679,0.2813721,0.3178711,13.93241,-30.4323
40.934,1.196899,0.4080811,0.6173096,13.20563,-30.676
40.964,1.223022,0.675415,1.026978,12.85954,-28.18662
40.994,1.659912,0.8035889,0.690918,12.85777,-21.74034
41.024,1.472656,0.4395752,0.1069336,14.25206,-6.638199
41.054,1.59668,-0.001586914,-0.5274658,17.78193,21.31915
41.084,1.580444,-0.7398682,-0.4595947,26.03284,76.47382
41.114,1.469482,-0.7479248,-0.5146484,31.48441,129.6947
41.144,1.140869,-0.7214355,-0.5863037,36.37185,169.0651
41.174,0.8477783,-0.5784912,-0.3803711,41.92348,190.0747
41.204,0.7838135,-0.6834717,-0.4926758,47.80545,193.0257
41.234,0.5391846,-0.6363525,-0.4576416,54.28875,186.4708
41.264,0.4581299,-0.5916748,-0.4593506,53.5017,161.6373
41.294,0.4952393,-0.4195557,-0.3459473,49.2887,100.764
41.324,0.5092773,-0.2542725,0.04772949,42.11098,4.381141
41.354,0.8192139,0.4614258,0.2045898,35.56411,-97.0981
41.384,0.842041,0.8969727,0.4732666,31.78149,-165.2636
41.414,0.7900391,0.65979,0.7108154,27.2247,-181.3843
41.444,0.5428467,0.3508301,0.1535645,22.28556,-174.7211
41.474,2.716919,-0.3752441,-0.2480469,16.33653,-165.014
41.504,0.3007813,-0.4934082,-0.09985352,13.87879,-152.0958
41.534,0.9744873,-0.6588135,-0.7248535,13.83009,-129.2798
41.564,1.093872,0.2684326,-0.3623047,15.19453,-83.78573
41.594,1.020874,0.005004883,-0.3430176,17.53856,-25.91399
41.624,1.055298,0.09350586,-0.3061523,18.38365,21.50414
41.654,1.044312,0.07141113,-0.1625977,18.46545,37.08381
41.684,1.069824,-0.007446289,-0.06396484,18.01985,30.10157
41.714,1.051147,0.1480713,-0.1405029,17.55289,12.6833
41.744,1.107544,0.08508301,-0.1132813,16.95998,-5.553145
41.773,1.008301,-0.04992676,-0.1229248,16.33706,-14.54806
41.803,1.045288,0.04907227,-0.1716309,15.78354,-18.2776
41.833,1.049927,0.02868652,-0.09143066,15.41595,-18.19972
41.863,1.06897,0.4000244,0.114624,15.03491,-17.05084
41.893,1.18689,0.5334473,0.5091553,14.62431,-15.25677
41.924,1.261475,0.6169434,0.8743896,13.92962,-15.07452
41.953,1.513428,0.8793945,0.7109375,14.02841,-12.97609
41.983,1.462036,0.5438232,0.008666992,15.78061,-1.852675
42.013,1.64856,-0.1015625,-0.4396973,20.57813,29.73911
42.043,1.540894,-0.8424072,-0.4699707,27.72213,83.2622
42.073,1.309326,-0.7608643,-0.3946533,32.34824,132.2222
42.103,1.086914,-0.4718018,-0.4952393,36.90772,163.089
42.133,0.9498291,-0.357666,-0.5379639,42.05645,176.1848
42.163,0.8068848,-0.6177979,-0.4880371,47.35532,172.808
42.193,0.5323486,-0.5860596,-0.5041504,51.13552,159.2732
42.223,0.4294434,-0.5155029,-0.4511719,49.36547,126.7319
42.253,0.4715576,-0.4227295,-0.4368896,46.18616,68.66621
42.283,0.5170898,-0.3546143,0.06616211,43.93391,3.914079
42.314,0.753418,0.4997559,0.2736816,39.89711,-58.96188
42.343,0.8553467,0.854248,0.619751,34.42666,-108.4088
42.373,0.8984375,0.5197754,0.744751,25.01289,-153.1022
42.403,0.7734375,0.3884277,0.4448242,16.48976,-200.6993
42.433,1.838257,0.3361816,-0.5965576,10.8633,-233.9194
42.463,-0.2055664,-0.7897949,0.2766113,11.13241,-213.3619
42.493,0.8083496,-0.3427734,-1.055908,12.82587,-147.8779
42.523,1.21521,0.1273193,-0.4932861,14.77967,-58.94154
42.553,1.054321,-0.2683105,-0.4332275,16.58589,13.26026
42.583,1.092896,0.114502,-0.3974609,17.78466,50.40104
42.613,1.011841,-0.1741943,-0.2216797,18.75147,52.16941
42.643,1.12561,0.09692383,-0.2087402,19.21815,42.92907
42.673,1.130249,0.1273193,-0.267334,18.02324,23.88703
42.703,0.9736328,-0.1938477,-0.05627441,16.69317,1.636951
42.733,1.002563,0.08312988,-0.05126953,15.96558,-15.68117
42.763,0.9992676,0.04345703,-0.008789063,15.3772,-26.62772
42.793,0.9827881,0.1960449,0.0546875,14.80005,-29.29164
42.823,0.9613037,0.2877197,0.1506348,13.62608,-26.90814
42.853,1.103882,0.362915,0.2443848,12.75289,-25.99721
42.883,1.195923,0.4133301,0.493042,12.46247,-25.29753
42.913,1.215332,0.5959473,0.8161621,13.22442,-17.76171
42.943,1.847534,1.064697,0.2485352,14.75413,-1.64281
42.973,1.479736,0.2381592,-0.03991699,15.69899,16.3145
43.003,1.606689,-0.411377,-0.5570068,17.61677,33.86541
43.033,1.60022,-0.6368408,-0.392334,22.04123,59.06256
43.063,1.4198,-0.6164551,-0.4232178,29.52759,100.2809
43.093,1.161377,-0.5444336,-0.4711914,39.34087,160.8037
43.123,1.0271,-0.6174316,-0.4752197,47.03255,218.4062
43.153,0.8640137,-0.7027588,-0.5375977,52.0002,244.4803
43.183,0.5509033,-0.6403809,-0.5614014,53.96451,223.5485
43.213,0.4050293,-0.5689697,-0.4033203,53.17021,159.0968
43.243,0.3881836,-0.5234375,-0.4960938,50.34034,71.78537
43.273,0.3415527,-0.1733398,0.01599121,45.12611,-14.57724
43.303,0.9095459,0.4473877,0.1595459,37.99016,-94.66218
43.333,0.838501,0.6414795,0.7001953,28.55763,-169.3227
43.363,0.7728271,0.6842041,0.8083496,19.96647,-227.1455
43.393,0.5874023,0.1785889,0.1872559,12.52339,-260.9487
43.423,2.652588,0.6629639,-0.5584717,8.797815,-253.9361
43.453,0.09960938,-0.3620605,0.3225098,8.460977,-204.1604
43.483,0.6256104,-0.8845215,-0.7528076,10.93829,-120.3226
43.512,1.318481,0.1551514,-0.5061035,13.44238,-36.32987
43.542,1.061157,-0.1931152,-0.4393311,16.3491,33.96263
43.572,1.088867,0.0814209,-0.510498,17.87083,68.68007
43.602,1.048828,0.04394531,-0.2939453,18.44547,70.61283
43.632,1.128784,-0.1147461,-0.06323242,18.61347,52.47146
43.662,1.039185,0.1114502,-0.1381836,18.35863,30.42758
43.692,0.9914551,-0.05200195,-0.1160889,17.69464,7.961037
43.722,0.9237061,0.05688477,-0.05615234,16.69313,-7.996046
43.752,1.042114,0.06286621,-0.07714844,15.493,-20.17845
43.782,1.079468,0.1864014,0.0736084,14.18344,-30.23669
43.812,1.045898,0.2635498,0.2165527,13.19238,-35.77613
43.842,1.185425,0.3571777,0.3980713,12.48383,-36.0627
43.873,1.256104,0.5744629,0.7791748,12.20882,-30.71757
43.902,1.254761,0.7666016,0.7828369,12.39885,-21.0005
43.932,1.849243,0.6256104,0.3283691,13.45214,-6.04908
43.962,1.559937,0.12146,-0.2790527,16.22708,17.35967
43.992,1.585571,-0.7077637,-0.4727783,21.29509,54.59458
44.022,1.44873,-0.6619873,-0.4854736,30.33409,115.1161
44.052,1.225708,-0.6783447,-0.5672607,39.12929,180.3487
44.082,0.9278564,-0.519043,-0.4875488,45.03842,224.4543
44.112,0.8276367,-0.5527344,-0.4597168,48.58526,230.301
44.142,0.6314697,-0.6427002,-0.4620361,50.79058,198.2286
44.172,0.4949951,-0.5638428,-0.5152588,53.07067,144.9653
44.202,0.3905029,-0.3753662,-0.4249268,52.73147,89.82188
44.232,0.5675049,-0.2495117,-0.2333984,46.66746,21.77517
44.262,0.6195068,0.1468506,0.1103516,39.32858,-56.18279
44.292,0.9981689,0.4766846,0.1536865,30.75947,-140.4246
44.322,0.864624,0.7070313,0.7852783,26.05689,-198.4036
44.352,0.6032715,0.3970947,0.4188232,22.55559,-210.7431
44.382,0.4968262,0.3388672,0.1948242,19.24021,-183.0074
44.412,2.234497,-0.2038574,0.4821777,16.09531,-146.8814
44.442,0.4233398,-1.112549,-0.5765381,13.9819,-111.5124
44.472,1.091919,-0.3460693,-0.7231445,15.15567,-79.40198
44.502,1.041016,0.2479248,-0.4371338,17.03946,-39.95016
44.532,0.9777832,-0.04711914,-0.3026123,18.00934,-2.045838
44.562,0.9953613,0.1870117,-0.2625732,18.48516,24.68132
44.592,0.9979248,0.02746582,-0.1668701,18.63959,32.61598
44.622,1.05957,0.09399414,-0.1866455,18.58167,21.33922
44.652,1.009888,0.01464844,-0.1638184,18.11396,6.898957
44.682,1.019653,0.08190918,-0.1015625,16.52741,-8.172564
44.712,1.118408,0.06396484,-0.09362793,15.55409,-20.43774
44.742,1.070435,0.04199219,0.1348877,14.90847,-27.92844
44.772,1.108398,0.1467285,0.2227783,14.79019,-28.14018
44.802,1.198242,0.3963623,0.3798828,14.66072,-22.02236
44.832,1.374512,0.6340332,0.8453369,14.35174,-13.02546
44.862,1.366211,0.5831299,0.9473877,14.68829,-5.836803
44.892,1.970825,0.6020508,0.1309814,15.77332,3.532945
44.922,1.640625,0.06176758,-0.4459229,20.13466,28.94927
44.952,1.526733,-0.6657715,-0.5249023,24.8094,65.88307
44.982,1.467529,-0.7458496,-0.5114746,28.11857,98.62743
45.012,1.194458,-0.7861328,-0.5330811,33.35745,128.625
45.042,0.8684082,-0.4907227,-0.5579834,40.06525,156.6068
45.072,0.8028564,-0.5825195,-0.5280762,47.94878,181.0257
45.101,0.6131592,-0.5581055,-0.5546875,51.94237,193.1764
45.131,0.4781494,-0.4818115,-0.5479736,52.34863,177.4271
45.161,0.4204102,-0.3979492,-0.4372559,49.20239,115.2967
45.191,0.5192871,-0.3282471,-0.02770996,42.38349,14.81231
45.221,0.7393799,0.1456299,0.3151855,38.45,-76.20417
45.251,0.8497314,0.8560791,0.3935547,34.4716,-129.3987
45.281,0.8494873,0.8361816,0.7496338,29.50228,-154.6263
45.311,0.5993652,0.2232666,0.2866211,22.13415,-169.4888
45.341,2.077271,1.017578,-0.5076904,14.18731,-185.617
45.371,0.01574707,-0.7819824,0.1677246,12.11925,-190.3569
45.401,0.571167,-0.7260742,-0.7341309,12.19616,-163.3077
45.432,1.240723,0.1275635,-0.4853516,14.67889,-100.1693
45.461,0.970459,-0.01757813,-0.4061279,15.81401,-28.48623
45.491,1.081177,0.1306152,-0.3688965,16.72273,24.97044
45.521,0.9854736,0.07849121,-0.2297363,17.9063,41.63417
45.551,1.112061,-0.0546875,-0.2208252,18.40291,39.78691
45.581,1.060303,0.07312012,-0.1960449,17.71113,23.0423
45.611,1.03418,-0.04541016,-0.06115723,16.58676,6.976765
45.641,0.9781494,0.1087646,-0.1392822,15.01588,-12.55682
45.671,1.016724,-0.0008544922,-0.03466797,14.19492,-28.42132
45.701,1.084106,0.07080078,0.09631348,13.65055,-34.17271
45.731,1.016113,0.2581787,0.196167,13.23415,-30.48999
45.761,1.153687,0.3494873,0.3039551,12.90204,-23.15541
45.791,1.275146,0.5960693,0.6630859,12.76402,-14.81367
45.821,1.646729,0.9802246,0.6237793,13.66233,-5.385375
45.851,1.608765,0.4503174,0.4116211,14.71616,6.166252
45.881,1.428711,0.109375,-0.2507324,15.41649,16.43082
45.911,1.532104,-0.6920166,-0.4501953,18.01771,32.94249
45.941,1.492798,-0.7376709,-0.5465088,22.80709,60.93508
45.971,1.307983,-0.5599365,-0.5089111,31.65533,111.2752
46.001,0.9925537,-0.5927734,-0.5181885,41.04376,176.3275
46.031,0.8765869,-0.5192871,-0.4725342,49.03941,234.3247
46.061,0.6179199,-0.4890137,-0.3317871,50.59292,239.0109
46.091,0.5147705,-0.505127,-0.4971924,50.93083,195.6448
46.121,0.3520508,-0.4177246,-0.4158936,49.73637,115.8285
46.151,0.527832,-0.5029297,-0.2108154,47.36769,32.4271
46.181,0.5919189,0.05065918,0.2336426,43.61814,-36.16807
46.211,0.987915,0.6375732,0.1151123,37.0284,-87.7422
46.241,0.9626465,0.7232666,0.6210938,27.91834,-149.4627
46.271,0.6761475,0.5379639,0.5859375,19.47014,-205.9704
46.301,0.5927734,0.2280273,-0.1467285,12.99555,-241.3474
46.331,2.361328,-0.4841309,0.2845459,9.536971,-239.0025
46.361,0.407959,-0.8575439,-0.3096924,9.773713,-188.4687
46.391,1.071655,-0.6895752,-0.8735352,11.32641,-110.0072
46.421,0.9023438,0.4274902,-0.2479248,13.43742,-33.27073
46.451,1.032715,-0.1274414,-0.1907959,15.60341,25.04126
46.481,1.031738,0.1968994,-0.2459717,17.34397,55.84294
46.511,1.006836,0.1188965,-0.1405029,17.24849,54.85005
46.541,1.042725,-0.08166504,-0.05700684,16.62645,37.78474
46.571,1.057495,0.09753418,-0.1525879,15.8513,14.32672
46.601,0.9901123,0.03173828,-0.01245117,15.13689,-7.078717
46.631,1.015503,-0.0723877,0.02819824,14.72959,-19.22084
46.66,1.010132,0.01489258,-0.01208496,14.17891,-20.82224
46.69,1.040894,0.03344727,-0.002807617,13.56694,-19.89168
46.721,1.042603,0.2752686,-0.002685547,13.1263,-18.05129
46.75,1.141724,0.2669678,0.159668,13.01641,-15.33491
46.78,1.272217,0.3527832,0.454834,13.3128,-10.53241
46.81,1.437256,0.6958008,0.5391846,13.70944,-3.094859
46.84,1.50293,0.5585938,0.5301514,14.34433,5.657742
46.87,1.282837,0.3643799,-0.1804199,15.77603,16.90174
46.9,1.560791,-0.3071289,-0.6560059,18.7645,35.01429
46.93,1.391479,-0.5407715,-0.3997803,25.66432,74.62334
46.96,1.123901,-0.2529297,-0.2886963,33.29291,128.4436
46.991,0.9049072,-0.3128662,-0.2861328,41.6342,185.8531
47.02,0.954834,-0.3621826,-0.3112793,45.74592,214.8116
47.05,0.9112549,-0.5484619,-0.4068604,47.49312,202.1211
47.08,0.8133545,-0.4873047,-0.3765869,48.12193,151.7932
47.11,0.7467041,-0.3967285,-0.2495117,47.73218,89.31403
47.14,0.7327881,-0.4058838,-0.3077393,46.28263,28.39024
47.17,0.5578613,-0.3291016,-0.01452637,41.11505,-25.88151
47.2,0.7078857,-0.02502441,0.2010498,34.21105,-84.64816
47.23,0.7320557,0.4100342,0.5605469,26.14367,-148.2117
47.26,0.7132568,0.9211426,0.390625,21.65174,-188.3077
47.29,0.3569336,0.1350098,-0.04418945,18.85427,-193.9039
47.32,2.715332,0.8334961,-0.03161621,16.66253,-164.5951
47.35,0.3250732,-0.09130859,0.6600342,15.36576,-119.4927
47.38,0.6917725,-1.032837,-0.817749,14.61487,-74.94637
47.41,1.214478,0.1166992,-0.5594482,15.60419,-42.14541
47.44,1.137085,-0.1307373,-0.4638672,17.8403,-8.567391
47.47,1.09375,0.1833496,-0.3933105,18.51201,16.81936
47.5,1.090088,0.06091309,-0.2293701,18.56413,28.49466
47.53,1.072998,-0.01660156,-0.135376,18.16316,25.9933
47.56,1.069702,0.06030273,-0.2272949,17.698,10.94263
47.59,0.9008789,0.07067871,-0.2596436,17.06015,-6.422573
47.62,0.9029541,0.0279541,-0.1801758,16.24858,-15.51831
47.65,0.9381104,-0.01147461,-0.1276855,15.40186,-21.13612
47.68,0.9884033,0.08044434,0.02416992,14.61662,-24.22161
47.71,1.082031,0.2093506,0.1276855,14.34777,-23.74139
47.74,1.151245,0.3641357,0.4781494,14.22081,-19.69942
47.77,1.212891,0.4946289,0.8840332,14.02189,-14.23377
47.8,1.158569,0.7261963,0.8574219,14.15231,-7.770403
47.83,1.946655,0.8266602,0.0111084,15.28627,2.440904
47.86,1.72876,0.2097168,-0.2727051,18.84938,24.60461
47.89,1.756104,-0.7635498,-0.3873291,24.87774,65.6201
47.92,1.698975,-0.7275391,-0.6090088,28.90039,104.8875
47.95,1.348999,-0.7327881,-0.4780273,33.22713,135.4713
47.98,0.9624023,-0.4559326,-0.5219727,38.96437,157.6632
48.01,0.885498,-0.626709,-0.5861816,45.26859,170.174
48.04,0.5137939,-0.5739746,-0.4924316,50.58562,174.6488
48.07,0.3862305,-0.5906982,-0.3193359,50.04628,156.2944
48.1,0.4285889,-0.513916,-0.6094971,47.29076,103.6961
48.13,0.3405762,-0.3502197,-0.1536865,39.62282,8.399442
48.16,0.7434082,0.07006836,0.2817383,35.04204,-82.64445
48.19,0.8591309,0.8457031,0.6092529,31.20591,-142.4564
48.22,0.6763916,0.6711426,0.4606934,26.49749,-162.4564
48.25,0.3345947,0.1593018,0.8387451,21.19885,-165.4016
48.28,2.789551,-0.6850586,-0.9196777,14.41441,-164.0762
48.31,0.03015137,-1.031616,-0.9744873,14.50141,-150.8346
48.34,1.181763,-0.1063232,-0.7930908,15.47173,-115.6606
48.37,1.001343,-0.01416016,-0.355957,17.19742,-60.56641
48.399,1.105103,-0.2301025,-0.4616699,18.64822,-3.413278
48.429,1.098755,0.006103516,-0.4053955,19.1619,36.35243
48.459,1.142456,-0.01281738,-0.1990967,19.20748,34.61238
48.489,1.167603,-0.05480957,-0.1098633,19.1541,23.90024
48.519,1.000732,0.05981445,0.06982422,17.41287,2.457644
48.55,1.043945,0.15271,0.08886719,15.2439,-21.23943
48.579,1.010986,0.256958,0.2493896,13.70458,-38.87727
48.609,1.106445,0.5882568,0.3597412,13.32772,-45.61498
48.639,1.285156,0.456665,0.8676758,13.22046,-41.47648
48.669,1.295654,0.9414063,1.14856,13.31427,-25.74769
48.699,1.811035,1,0.4071045,13.95202,-7.346701
48.729,2.219238,0.5107422,-0.2600098,16.32145,14.3343
48.759,1.665649,-0.7891846,-0.5023193,22.1742,51.59341
48.789,1.682983,-0.8565674,-0.4611816,31.80843,116.0849
48.819,1.473511,-0.8588867,-0.4725342,38.2975,175.5601
48.849,0.9465332,-0.7756348,-0.6079102,43.77183,213.9633
48.879,0.7176514,-0.7178955,-0.5926514,48.3768,220.5321
48.909,0.37854,-0.6827393,-0.5491943,52.82486,198.5074
48.939,0.18396,-0.7408447,-0.7475586,56.06779,161.4132
48.969,0.1640625,-0.5255127,-0.4726563,52.51607,107.075
48.999,0.2894287,-0.5108643,0.1408691,45.33191,22.34392
49.029,1.002441,0.5112305,0.3083496,34.75466,-89.65835
49.059,1.111084,1.307861,0.4251709,28.4102,-183.997
49.089,0.4783936,0.3925781,0.9404297,23.81608,-232.527
49.119,1.803101,1.426758,0.09228516,19.66397,-223.9547
49.149,0.8171387,-1.480835,0.7703857,16.56372,-184.483
49.179,0.206665,-0.8131104,-1.146484,14.33725,-135.0272
49.209,1.351807,0.01379395,-0.9858398,15.47675,-91.62286
49.239,0.9151611,0.1859131,-0.2662354,18.70907,-38.40303
49.269,0.9790039,-0.197876,-0.34021,19.53109,6.582052
49.299,1.022339,-0.06530762,-0.3442383,19.64926,32.611
49.329,1.150879,-0.06164551,-0.1962891,19.63453,37.92946
49.359,1.212769,0.114624,-0.1801758,19.05433,19.79281
49.389,1.055664,-0.06835938,0.05273438,17.65433,-6.398784
49.419,1.17041,0.3011475,0.06750488,15.95438,-23.28435
49.449,1.186768,0.3485107,0.4390869,14.29221,-37.35782
49.479,1.235474,0.7532959,0.5964355,13.15537,-46.07816
49.509,1.463867,0.8269043,1.290771,12.57775,-45.27804
49.539,1.211792,1.050659,1.292114,12.38677,-35.81383
49.569,1.983887,1.554688,-0.1166992,13.26121,-18.81885
49.599,1.962646,-0.2303467,-0.864502,16.10115,8.734508
49.629,1.97644,-0.7669678,-0.7382813,24.80622,66.3799
49.659,1.469482,-0.8356934,-0.6044922,35.35463,146.6502
49.689,1.145142,-0.78125,-0.6931152,47.74419,239.7833
49.719,0.7038574,-0.8513184,-0.4710693,54.17814,295.2973
49.749,0.3862305,-0.7949219,-0.6591797,56.43149,287.7686
49.779,0.07080078,-0.770752,-0.8563232,56.87031,219.0333
49.809,0.1378174,-0.5480957,-0.4952393,54.89963,121.2921
49.839,0.480957,-0.5274658,0.1577148,49.63688,11.49215
49.869,1.229736,0.5423584,0.5093994,40.08018,-88.42311
49.899,1.235107,1.330322,0.1365967,29.09803,-183.1432
49.929,0.2176514,0.3120117,1.026855,18.77444,-264.2294
49.959,2.86853,0.494873,-0.8774414,13.44923,-296.0205
49.988,0.4399414,-0.5716553,1.024414,11.23712,-270.333
50.019,0.7739258,-0.8400879,-1.297974,12.07382,-189.9355
50.048,1.156616,0.2186279,-0.769165,14.26626,-92.45385
50.078,1.07666,-0.005859375,-0.3604736,16.80783,-6.253293
50.109,0.9971924,-0.1971436,-0.1990967,17.48297,37.30218
50.138,1.060669,0.2429199,-0.1461182,17.65669,48.42243
50.168,1.071167,-0.008544922,-0.2304688,17.24682,35.08231
50.198,1.037109,0.0579834,-0.144043,16.61973,12.70122
50.228,1.154663,0.0423584,0.0513916,16.20968,-5.706986
50.258,1.12854,0.4381104,0.1677246,15.22773,-15.57113
50.288,1.213745,0.5272217,0.4338379,13.76969,-24.66889
50.318,1.435547,0.5950928,1.028809,12.74503,-30.5153
50.348,1.428589,1.258057,1.370728,12.55254,-30.65522
50.378,1.487183,0.8956299,0.4570313,14.24446,-17.97747
50.408,2.166626,0.6553955,-0.4882813,15.62388,3.059625
50.438,1.660278,-0.8006592,-0.4997559,17.4098,27.17054
50.468,1.865479,-0.7470703,-0.5985107,23.70463,67.38024
50.499,1.411255,-0.9083252,-0.8504639,33.21424,126.7783
50.528,1.078491,-0.630127,-0.7259521,45.81349,205.9158
50.558,0.8237305,-0.8123779,-0.5333252,52.0369,263.2117
50.588,0.3424072,-0.8662109,-0.5889893,54.78735,271.1462
50.618,0.07751465,-0.7668457,-0.6164551,54.82339,216.2847
50.648,0.1335449,-0.4760742,-0.331543,54.081,127.9289
50.678,0.2723389,-0.3498535,-0.07067871,49.99615,25.79202
50.708,1.293091,0.7420654,0.4122314,43.42899,-55.38621
50.738,1.209961,1.146973,0.3833008,33.68858,-136.9161
50.768,0.4602051,0.6048584,1.244873,24.12582,-210.6974
50.798,2.113403,-1.439087,-1.233398,17.02075,-259.6692
50.828,-0.02954102,-0.704834,-0.5264893,14.36044,-254.2534
50.858,1.305542,-0.4902344,-1.040039,14.87176,-197.9768
50.888,0.9667969,0.265625,-0.1976318,17.12393,-107.8531
50.918,1.032227,-0.3405762,-0.3203125,17.85175,-29.09477
50.948,1.167358,0.1031494,-0.3063965,18.38088,18.59688
50.978,1.107056,0.1351318,-0.1230469,19.20049,33.76706
51.008,1.069702,0.06420898,-0.1884766,18.80795,25.18076
51.038,0.9547119,0.06225586,-0.06188965,17.60579,5.807206
51.068,1.101807,-0.06176758,-0.0604248,16.68261,-8.155713
51.098,1.087769,0.1817627,0.3026123,15.87982,-20.24868
51.128,1.103271,0.4840088,0.5244141,15.39104,-27.38554
51.158,1.30249,0.5522461,0.9414063,14.51025,-27.55768
51.188,1.443726,1.52417,0.9156494,13.59435,-25.77436
51.218,1.59729,1.050293,0.4237061,14.38722,-18.29919
51.248,1.83374,0.03967285,-0.3010254,17.18664,2.482609
51.278,1.835449,-0.9432373,-0.4421387,25.69008,57.44498
51.308,1.955444,-0.717041,-0.8050537,31.44222,117.8538
51.338,1.247925,-0.7514648,-0.4415283,36.54705,166.1257
51.368,0.9017334,-0.713623,-0.6088867,41.96377,192.1106
51.398,0.5834961,-1.084229,-0.6357422,47.2667,194.5964
51.428,0.1914063,-0.7849121,-0.6801758,52.8967,179.9269
51.458,0.1960449,-0.5808105,-0.7423096,51.00504,144.92
51.488,0.1916504,-0.449585,-0.1647949,44.65179,69.78808
51.518,0.6016846,-0.01220703,0.3011475,40.50217,-16.23277
51.548,1.172119,1.036255,0.7961426,36.23371,-94.00174
51.578,0.7414551,0.5881348,0.4732666,31.58519,-147.6392
51.608,1.1698,0.9725342,1.3396,24.10205,-169.5078
51.638,1.596924,-1.63916,-0.2467041,15.45101,-190.3359
51.668,0.1518555,-1.202881,-0.8696289,13.21871,-196.4272
51.698,1.616577,-0.2293701,-1.036499,13.43965,-169.2579
51.728,0.9770508,-0.1003418,-0.2255859,17.42011,-100.0428
51.758,1.185059,0.0760498,-0.5332031,18.27424,-21.91511
51.788,1.258545,0.1756592,-0.300415,18.5346,32.91903
51.818,1.085083,0.2792969,-0.1102295,18.48944,40.46921
51.848,1.088135,0.07116699,-0.07336426,18.15021,25.73445
51.878,1.021729,0.05749512,-0.08691406,16.92588,-2.750851
51.908,1.094971,0.25354,-0.1022949,15.62027,-17.55739
51.938,1.017212,0.3961182,0.1369629,14.20022,-30.00358
51.968,1.046753,0.6033936,0.5772705,13.57754,-35.91914
51.998,1.15271,0.6035156,0.9719238,13.45286,-33.28742
52.028,1.19397,1.149658,0.7503662,13.44614,-23.35579
52.058,1.611328,1.37439,0.07434082,14.19375,-9.066185
52.088,2.004028,-0.1711426,-0.3282471,16.29012,11.7061
52.118,1.949097,-0.7872314,-0.411377,23.11339,54.22725
52.148,1.755127,-0.6674805,-0.5577393,32.26964,119.221
52.178,1.303345,-0.7529297,-0.8417969,42.88579,198.3326
52.208,0.8079834,-0.7546387,-0.5974121,47.9281,245.3476
52.238,0.5101318,-0.7739258,-0.6544189,50.01269,241.5935
52.268,0.1989746,-0.5245361,-0.5522461,49.58808,181.5666
52.298,0.2703857,-0.6947021,-0.4333496,47.57507,94.01769
52.328,0.2077637,-0.6547852,-0.1182861,42.54896,-3.017016
52.358,1.116333,0.1568604,0.1218262,36.02854,-79.90665
52.388,1.070557,0.9052734,0.1610107,28.0769,-147.9845
52.418,0.3759766,0.1826172,0.6300049,23.67379,-185.3204
52.448,1.191162,0.9691162,0.5419922,20.31209,-191.3258
52.478,0.4609375,-0.2023926,0.1121826,16.62249,-172.557
52.508,0.6785889,-1.138916,-1.513062,14.80723,-136.9823
52.538,1.52124,0.0402832,-0.6252441,14.1702,-95.0693
52.568,1.013062,-0.5865479,-0.2811279,16.54257,-53.23526
52.598,1.223633,0.05078125,-0.3502197,18.51032,-9.414901
52.628,1.277832,0.2589111,-0.2657471,18.41757,21.38764
52.658,1.305176,0.3238525,-0.1940918,18.10057,29.69194
52.688,1.269653,0.3172607,0.02770996,17.49148,20.17872
52.718,1.256104,0.4381104,0.2374268,16.95659,-1.241328
52.748,1.087769,0.8487549,0.526001,16.34144,-15.0823
52.778,0.8428955,1.009644,1.049438,15.47,-19.57154
52.808,0.7392578,0.5588379,1.024658,15.87626,-16.95345
52.838,0.8912354,0.5854492,0.2987061,17.13203,-5.628295
52.868,2.16748,0.06628418,-0.4298096,18.20021,8.567696
52.898,1.716187,-0.3469238,-0.1679688,20.34046,28.03949
52.928,2.07959,-0.590332,-0.6550293,25.8915,63.39834
52.958,1.928467,-0.5614014,-0.8928223,34.46719,115.5936
52.988,1.28418,-0.887207,-0.7593994,45.88535,188.6844
53.018,0.8397217,-0.9665527,-0.824707,53.02876,247.003
53.047,0.4327393,-0.8515625,-0.9207764,55.47776,257.1306
53.077,0.1679688,-0.8778076,-0.6212158,51.89224,192.3879
53.107,0.004516602,-0.9190674,-0.2009277,48.58595,87.50218
53.138,0.5263672,0.7711182,0.4545898,44.27449,-24.32125
53.167,0.4420166,1.339478,0.3768311,38.3512,-105.4377
53.198,-0.3588867,0.005004883,1.163574,30.46609,-160.9932
53.228,3.099609,-1.287842,-1.601807,20.31603,-206.3932
53.258,0.2404785,-1.518433,-0.5969238,18.70848,-217.0097
53.287,1.204468,-0.324707,-1.184204,18.30468,-190.1532
53.317,1.240479,-0.1207275,-0.4597168,19.52323,-126.86
53.347,1.394653,-0.2423096,-0.3548584,20.83476,-49.00486
53.377,1.392456,0.2723389,-0.2807617,20.96664,10.45877
53.407,1.429932,0.1669922,-0.2618408,20.95761,19.6766
53.437,1.405151,0.2856445,-0.0480957,20.84445,16.31794
53.467,1.129883,0.4255371,0.4899902,20.10769,2.802216
53.497,0.7684326,0.9776611,1.140869,19.2941,-9.898419
53.527,0.7977295,0.8321533,1.271851,18.90634,-15.26549
53.557,0.8225098,0.9719238,0.8218994,18.96451,-15.8032
53.587,1.678955,0.6583252,-0.152832,19.35928,-10.7077
53.618,2.230957,-0.0958252,-0.2202148,22.07285,9.652422
53.647,1.907227,-0.5321045,-0.3352051,26.98465,45.8529
53.677,2.340454,-0.87854,-0.5560303,37.60585,114.1995
53.707,1.601074,-0.9458008,-0.5843506,46.99846,190.2397
53.737,0.9610596,-1.0979,-0.8170166,55.45232,253.8355
53.767,0.5272217,-0.7202148,-0.730957,57.43707,259.9369
53.796,0.1931152,-0.7376709,-0.8874512,57.53663,211.5321
53.826,0.1373291,-0.6644287,-0.6387939,55.63997,119.0696
53.856,0.6151123,-0.5266113,0.2047119,51.5953,22.75354
53.886,0.5045166,1.068848,0.2739258,44.14406,-73.09674
53.916,-0.1550293,0.4550781,0.4768066,33.08634,-159.1011
53.946,0.07177734,-0.2836914,0.1395264,22.73919,-237.2375
53.976,3.185059,-0.262085,0.0546875,17.69098,-273.6867
54.007,0.2061768,-1.651978,-0.9104004,17.6534,-245.5681
54.036,1.265015,-0.2590332,-1.160889,18.27367,-171.609
54.066,0.9030762,-0.1072998,-0.4421387,19.37972,-78.15338
54.096,1.369751,-0.4686279,-0.2601318,20.55056,-5.125501
54.126,1.438965,-0.1485596,-0.06762695,21.26973,26.42812
54.156,1.580444,0.1035156,-0.03979492,20.79602,24.74748
54.186,1.69458,0.6234131,0.002441406,19.34408,9.828661
54.216,1.472168,1.062744,0.5162354,18.41464,-8.493889
54.246,1.036133,1.164063,1.374756,17.74043,-22.92176
54.276,0.8144531,1.179443,1.245972,17.40199,-28.03325
54.306,1.083496,0.8554688,0.3956299,17.98447,-19.57928
54.336,2.036499,0.243042,-0.07983398,19.82791,0.7526055
54.366,1.901367,-0.3543701,-0.06982422,26.06168,42.93348
54.396,2.295654,-0.5313721,-0.774292,35.32595,110.2382
54.426,2.027344,-0.8009033,-1.00647,48.18596,202.0744
54.456,1.431885,-0.9509277,-0.9370117,55.36805,267.8632
54.486,0.7595215,-0.8098145,-0.7904053,59.52845,285.0303
54.516,0.3208008,-0.963501,-0.9483643,60.7183,241.0216
54.546,-0.04943848,-0.9865723,-0.7606201,60.20263,158.2293
54.576,-0.004272461,-0.8427734,-0.1888428,55.6822,50.6426
54.606,0.5169678,0.3583984,0.3736572,47.46436,-49.11701
54.636,0.5028076,1.426147,0.5306396,34.69278,-160.4387
54.666,-0.2122803,-0.1729736,0.8243408,25.67536,-247.5829
54.696,2.557983,1.092773,-0.1699219,19.8985,-289.8216
54.726,-0.07055664,-1.190063,-0.2530518,17.75987,-267.9301
54.756,0.5977783,-0.8482666,-1.240845,18.0735,-193.838
54.786,1.332397,-0.07824707,-0.623291,19.88956,-94.24792
54.816,1.458618,-0.3348389,-0.3800049,21.4167,-20.00624
54.846,1.346069,0.01464844,-0.4561768,22.2712,23.47621
54.876,1.650879,-0.02575684,-0.3592529,22.25432,34.84997
54.906,1.689697,0.2969971,-0.1820068,22.03123,26.41663
54.936,1.392212,0.6259766,0.3007813,21.46968,9.264161
54.966,0.987915,1.12915,1.070557,20.62051,-6.293853
54.996,0.6502686,0.979126,1.318237,19.60974,-17.87643
55.026,0.664917,1.076904,0.7104492,18.48395,-25.68139
55.056,0.5633545,0.7634277,0.171875,19.56747,-21.22548
55.086,1.997681,0.4234619,-0.3135986,22.9633,3.031573
55.116,1.864136,-0.1685791,-0.01342773,30.16153,56.04694
55.146,1.914917,-0.5257568,-0.286377,38.14263,124.8505
55.176,2.169312,-0.9655762,-0.6550293,43.16347,177.4488
55.206,1.754639,-0.7224121,-0.8651123,48.20246,201.6729
55.235,1.144043,-0.927002,-0.8887939,52.87452,199.7889
55.265,0.6722412,-0.7834473,-0.6983643,57.94218,180.6044
55.295,0.3557129,-0.8875732,-0.9050293,60.1111,152.5724
55.325,0.0111084,-0.7684326,-0.4517822,53.96221,90.7567
55.356,0.1992188,-0.3237305,-0.04528809,49.08674,8.741934
55.385,0.630127,0.6855469,0.4345703,44.33463,-71.66197
55.415,-0.1660156,0.7598877,0.5170898,38.18321,-143.6244
55.445,0.5646973,0.6604004,1.235718,30.98653,-188.4572
55.475,3.236694,-1.980469,-0.730957,21.07314,-214.802
55.505,0.3699951,-1.880737,-1.811646,20.02628,-212.7523
55.535,1.5802,-0.2440186,-0.7816162,19.80571,-178.1226
55.566,1.273315,-0.3179932,-0.2885742,21.14816,-113.2346
55.595,1.571289,0.007324219,-0.262207,22.34816,-40.98441
55.625,1.674683,0.5578613,-0.2437744,22.38494,14.13254
55.655,1.690552,0.1616211,0.1898193,22.08067,18.31924
55.685,1.347412,0.5739746,0.5212402,21.22559,9.492144
55.715,0.8995361,1.114624,0.5150146,20.43313,-6.997213
55.745,0.4628906,0.9599609,1.387329,19.96887,-17.72091
55.775,0.7821045,1.063965,0.8947754,20.06921,-17.81572
55.805,0.8449707,0.5028076,0.6032715,20.24665,-12.47955
55.835,1.662842,0.5440674,-0.2093506,20.62344,-3.30463
55.865,2.708862,-0.4748535,-0.4923096,23.90802,18.58627
55.895,1.89917,-0.5548096,-0.2701416,29.88889,58.56504
55.925,2.383545,-0.8383789,-0.8190918,40.97699,130.2383
55.955,1.79895,-0.8602295,-0.9031982,50.73679,209.0402
55.985,1.057251,-0.99646,-0.9521484,59.6573,273.0893
56.015,0.4624023,-0.8251953,-0.9597168,62.24982,276.9277
56.045,0.04541016,-1.098755,-0.8771973,62.50131,224.5725
56.075,-0.03991699,-1.160889,-0.2911377,60.48875,128.9951
56.105,0.1245117,-0.09338379,0.1230469,56.01002,27.72571
56.135,0.7929688,1.029785,0.3344727,47.6182,-77.07377
56.165,-0.1414795,0.710083,0.6921387,35.74054,-173.0233
56.195,-0.1085205,-0.460083,-0.3685303,24.31238,-260.5534
56.225,3.249512,-0.03540039,0.4245605,18.40567,-302.2724
56.255,0.2202148,-2.14856,-0.7460938,18.22856,-274.2601
56.285,1.169678,-0.3225098,-0.9080811,18.44482,-194.5805
56.315,1.173828,-0.303833,-0.532959,19.45724,-94.47263
56.345,1.502563,-0.4001465,-0.3695068,20.86327,-13.21385
56.375,1.734497,0.2980957,-0.138916,22.36314,27.33709
56.405,1.783203,0.3157959,0.18396,22.30302,31.93647
56.435,1.465454,0.6560059,0.3699951,21.52079,24.2067
56.465,1.092285,1.350586,0.8314209,20.1416,5.080206
56.495,0.5859375,1.011963,1.560669,18.61103,-17.8172
56.525,0.6342773,1.091675,0.7194824,17.61121,-34.49029
56.555,0.8482666,0.7634277,0.1218262,18.37303,-31.34214
56.584,1.723145,0.5933838,-0.2451172,20.89345,-9.166298
56.614,2.248657,-0.4598389,-0.1651611,26.84262,39.3132
56.645,1.901978,-0.6992188,-0.3481445,36.1576,113.083
56.674,2.213745,-1.019409,-0.6766357,48.95026,206.8839
56.704,1.537231,-0.7200928,-0.6734619,57.04649,274.3144
56.735,1.036621,-1.042358,-0.831665,62.64206,295.9318
56.764,0.5380859,-0.7879639,-0.9581299,65.32106,266.5768
56.794,0.05102539,-1.158569,-0.9185791,65.7488,193.637
56.824,0.01147461,-1.031128,-0.6148682,63.98685,99.33057
56.854,0.3344727,-0.3525391,0.1195068,57.47878,6.382682
56.884,0.8652344,1.122559,0.7104492,42.93959,-118.8437
56.914,-0.2554932,0.8236084,0.8012695,31.25859,-233.5696
56.944,0.9605713,0.6081543,-0.4575195,22.16846,-314.8816
56.974,0.09631348,-0.8812256,0.40625,18.38944,-329.1419
57.004,0.4625244,-0.8243408,-0.5046387,18.41397,-264.8235
57.034,1.484985,-0.08178711,-0.5673828,20.27282,-148.235
57.064,1.294067,-0.1893311,-0.4486084,21.56256,-51.56433
57.094,1.663452,0.1208496,-0.2664795,22.32547,11.58408
57.125,1.869019,0.4345703,-0.03271484,21.80154,28.4647
57.154,1.740601,0.7727051,0.3342285,21.34384,18.99046
57.184,1.257568,1.476807,0.9727783,20.7562,1.204655
57.214,0.6663818,1.363403,1.859253,19.76777,-13.45665
57.244,0.6856689,1.403809,0.6414795,18.89118,-22.79056
57.274,1.050293,0.2808838,0.1433105,18.65163,-23.06543
57.304,1.776367,0.3199463,-0.4732666,21.50081,-6.100409
57.334,2.529541,-0.5466309,-0.5109863,30.22474,49.8117
57.364,2.105591,-0.9366455,-0.3519287,41.98194,140.8769
57.394,2.156372,-0.9350586,-1.050049,54.24251,243.3062
57.424,1.396362,-0.9645996,-0.9682617,61.21451,307.4254
57.454,0.567749,-1.015259,-0.7276611,65.0761,307.7203
57.484,0.3203125,-1.033813,-1.165649,66.88038,247.174
57.514,-0.1242676,-1.185181,-0.5863037,65.94994,153.9193
57.544,0.06665039,-0.7410889,-0.2775879,61.77665,51.12505
57.574,0.7368164,0.7531738,0.7271729,46.19771,-81.82173
57.604,0.3658447,1.615601,0.2811279,36.86341,-197.4141
57.634,-0.6624756,-0.3933105,0.06689453,29.92079,-273.9395
57.664,3.999878,-0.7977295,-0.1966553,25.91707,-290.5393
57.694,0.3859863,-1.699829,-0.4672852,23.56884,-246.4987
57.724,1.245483,-0.4057617,-1.099854,20.83016,-162.5954
57.754,1.07373,-0.1462402,-0.4071045,20.98679,-103.8126
57.784,1.547119,-0.206665,-0.3748779,22.53224,-51.87835
57.814,1.672241,0.269043,-0.1722412,22.40937,-19.5159
57.844,1.626709,0.3248291,0.02087402,21.96715,-1.643247
57.874,1.425659,0.5854492,0.1436768,21.59802,6.340447
57.904,1.113159,1.305054,0.6939697,21.16641,-2.235053
57.934,0.4731445,1.127319,1.580566,20.67935,-12.72614
57.964,0.625,1.462036,0.7891846,20.35548,-13.87089
57.994,0.7993164,0.5435791,0.3770752,20.93847,-8.912457
58.024,2.03833,0.208252,-0.3742676,26.2808,21.33926
58.054,1.959229,-0.3299561,-0.3077393,30.27952,59.95514
58.084,2.291748,-0.7918701,-0.4543457,34.32496,98.42143
58.114,2.378296,-1.111572,-0.7154541,40.33865,137.2134
58.144,1.549072,-1.011475,-0.7491455,48.15581,173.6245
58.174,0.822998,-1.009521,-0.8966064,60.40109,219.28
58.204,0.4367676,-0.7099609,-0.9631348,63.09474,238.2111
58.233,-0.03552246,-1.010132,-0.7113037,63.85163,218.581
58.263,-0.0871582,-0.4693604,-0.260498,56.41524,125.2598
58.294,0.5251465,0.06835938,0.5380859,45.28336,-25.03366
58.323,0.4553223,1.469238,0.3950195,38.93717,-161.3988
58.353,-0.6256104,-0.002197266,0.8037109,33.03538,-226.1105
58.383,3.999878,-1.829956,-1.064575,27.8565,-244.6351
58.413,0.6900635,-1.584717,-1.246704,23.27477,-213.9384
58.443,1.471313,-0.3378906,-1.310303,21.04126,-165.8204
58.473,1.104858,-0.1348877,-0.6083984,23.65037,-111.4268
58.503,1.521973,-0.1481934,-0.4029541,24.64921,-54.07881
58.533,1.54541,0.3342285,-0.2232666,25.12886,-6.576931
58.563,1.442505,0.1998291,-0.08300781,24.37865,17.88668
58.593,1.37793,0.3398438,0.4470215,22.87974,11.29227
58.623,1.328003,1.273804,0.5689697,21.02478,-18.2729
58.653,0.9433594,1.667725,1.44458,19.74108,-36.52554
58.684,0.6181641,1.38916,1.064697,18.85398,-44.66924
58.713,0.8116455,1.072754,0.7231445,20.07274,-33.184
58.743,1.022949,0.5025635,0.02587891,22.35469,-6.178015
58.773,2.401978,-0.6065674,-0.2801514,24.27875,24.02809
58.803,2.196167,-0.8457031,-0.5914307,28.54899,59.73392
58.833,2.460449,-0.925293,-0.7098389,35.75488,107.1568
58.863,2.196411,-1.024292,-1.14917,46.57309,168.5453
58.893,1.12085,-1.263794,-0.9818115,57.42003,237.5387
58.923,0.2486572,-0.8243408,-0.9121094,63.09149,277.6143
58.953,-0.003540039,-0.9925537,-1.05542,63.29245,253.8801
58.983,-0.2467041,-0.9645996,-0.602417,62.76187,181.7757
59.013,0.1311035,-0.09191895,0.1842041,58.23427,70.98319
59.043,0.5323486,1.247681,0.9672852,50.10362,-49.22312
59.073,-0.2163086,0.7969971,0.1408691,35.71652,-172.3514
59.103,1.396729,-0.7225342,-1.08374,26.89075,-258.3573
59.133,-0.01257324,-1.112549,0.7416992,21.12257,-301.5373
59.163,0.9196777,-0.7385254,-1.267944,21.26259,-267.2641
59.193,1.268311,0.06738281,-0.6477051,21.82271,-181.4614
59.223,1.496948,-0.1304932,-0.1063232,22.70485,-76.30707
59.253,1.595703,0.4538574,-0.1756592,22.64755,-15.15147
59.283,1.61145,0.4168701,0.09387207,22.13415,9.61421
59.313,1.488281,0.8339844,0.3588867,21.51097,2.017987
59.343,0.9197998,1.291626,1.106201,20.75994,-8.960863
59.373,0.3579102,1.008789,1.413696,20.01622,-18.78968
59.403,0.8255615,0.6781006,0.7633057,19.56846,-21.42884
59.433,0.9317627,0.1661377,0.4995117,19.33587,-19.58349
59.463,2.443604,0.02099609,-0.5305176,21.96986,-2.31003
59.493,1.816162,-0.3808594,-0.08081055,27.38195,36.89368
59.523,2.232544,-0.8236084,-0.7012939,38.41021,112.4233
59.553,1.909424,-1.009155,-0.7531738,48.76289,198.6736
59.583,1.230103,-1.074341,-0.866333,59.11077,276.4589
59.613,0.5180664,-0.9356689,-1.010864,63.18949,296.7974
59.643,0.1772461,-1.183594,-0.9130859,63.97437,254.9027
59.673,-0.3074951,-1.076172,-0.251709,62.76654,163.3284
59.703,-0.02697754,-0.5457764,0.1290283,58.95533,59.72797
59.733,0.4906006,1.275024,1.060791,50.4747,-54.37207
59.763,-0.6824951,0.8692627,0.578125,39.05817,-157.1112
59.793,2.152222,-0.1275635,-2.13208,27.98419,-247.1968
59.823,0.07946777,-1.209351,-0.1018066,22.78203,-289.7642
59.853,1.020142,-0.4677734,-1.003662,22.74189,-262.1135
59.882,1.377197,-0.34021,-0.4969482,24.4578,-176.7047
59.912,1.825684,-0.3909912,-0.3171387,25.07588,-77.58599
59.942,1.795898,0.3015137,-0.08740234,25.25667,-4.924816
59.972,1.593506,0.7502441,-0.0423584,24.67919,16.88546
60.002,1.412109,0.8052979,0.2506104,23.92176,6.381119
60.032,0.9694824,1.628784,0.6693115,22.83632,-11.56883
60.062,0.4228516,1.502441,1.55481,22.1417,-21.60895
60.092,0.7546387,0.5771484,1.282471,21.72677,-25.09275
60.122,0.888916,0.05371094,1.123413,21.58082,-21.68705
60.152,2.44397,0.0826416,-0.5067139,23.2733,-7.070184
60.182,2.049438,-0.2355957,-0.2675781,28.86905,31.82143
60.212,2.466064,-0.9908447,-0.8712158,37.8548,96.84263
60.243,1.926392,-0.9388428,-0.8216553,49.67142,184.3481
60.272,1.193848,-1.232422,-0.9431152,61.69959,274.2357
60.302,0.2675781,-1.056519,-0.7886963,64.46678,300.9664
60.332,-0.2163086,-1.455933,-1.023438,65.31229,261.4088
60.362,-0.5777588,-0.7662354,-0.3695068,62.89321,167.0356
60.392,0.2414551,-0.1014404,0.2821045,57.74317,42.37919
60.422,0.2902832,1.488525,1.110352,49.64958,-78.89522
60.452,-0.40271,0.7000732,1.691772,39.59206,-168.1065
60.482,3.999878,-3.292603,-1.094238,27.45034,-254.5779
60.512,0.7780762,-1.90918,-1.50415,24.47152,-279.09
60.542,2.031372,-0.7144775,-1.223145,24.02692,-244.0544
60.572,1.60144,-0.1590576,-0.3798828,26.79925,-156.1199
60.602,1.917725,0.2215576,-0.3311768,26.78364,-63.27615
60.632,1.769165,0.5030518,-0.05029297,25.71627,0.9889346
60.662,1.49231,1.003174,0.3916016,24.52618,5.072156
60.692,1.020142,1.367432,1.190186,23.11773,-11.84049
60.722,0.4019775,1.632324,1.796143,21.63914,-36.17942
60.752,0.7893066,0.7531738,1.295044,22.36342,-34.03901
60.782,1.109741,0.5517578,0.5500488,25.26713,-9.726273
60.812,2.304565,0.2348633,-0.3410645,27.85515,22.68319
60.842,2.57959,-0.1628418,-0.5321045,31.55975,60.72557
60.872,2.584595,-1.335083,-0.8688965,39.36851,113.1656
60.902,2.056641,-1.042358,-1.21167,50.01211,175.4783
60.932,0.8468018,-1.095459,-1.075073,63.96731,255.0291
60.962,0.3302002,-1.067017,-1.135376,69.77237,302.3355
60.992,-0.3088379,-1.738525,-0.8221436,71.17898,288.8218
61.022,-0.3109131,-1.502808,-0.5292969,69.90137,211.4
61.052,0.5142822,0.0579834,0.2226563,65.48005,91.95096
61.082,0.3284912,1.928223,0.7907715,54.95095,-56.41557
61.112,-0.1907959,0.3980713,1.053589,41.89485,-183.3267
61.142,3.999878,-2.99646,-1.381104,29.3998,-288.9948
61.172,0.7260742,-1.458984,-1.453857,24.28626,-332.7356
61.202,1.487305,-0.5343018,-1.104004,24.16934,-296.2311
61.232,1.367065,-0.03869629,-0.3300781,25.94819,-193.6227
61.262,1.777954,0.1445313,-0.4119873,26.35847,-83.95584
61.292,1.804932,0.6950684,0.09191895,26.39154,-6.7103
61.322,1.728882,0.5699463,0.2365723,25.80104,13.95315
61.352,1.301636,1.317871,0.6746826,24.83195,2.766362
61.382,0.5217285,1.72998,1.691772,23.34152,-17.33659
61.412,0.9272461,1.254272,1.131104,23.42385,-23.61169
61.442,1.023193,0.4578857,0.9437256,23.87474,-20.1962
61.471,2.352417,0.09472656,-0.303833,24.88838,-7.103317
61.502,2.560425,-0.3861084,-0.5192871,28.43541,22.12793
61.531,2.511353,-1.278809,-1.03064,35.89968,75.46471
61.561,2.116211,-1.050903,-1.042358,47.56317,153.6833
61.591,1.129272,-1.303711,-1.244141,60.91867,249.7586
61.621,0.3789063,-1.104614,-1.297241,70.33645,321.1238
61.651,-0.5178223,-1.692871,-1.023438,69.39375,307.561
61.681,-0.2736816,-1.534912,-0.6508789,61.30089,192.3006
61.711,0.6947021,-0.1987305,0.2426758,54.77509,34.53675
61.741,0.4720459,2.024658,0.8295898,47.62585,-115.4676
61.771,-0.263916,1.878174,1.320068,39.9741,-212.9917
61.802,3.409912,-2.533447,-0.1535645,32.00195,-244.6521
61.831,0.8731689,-1.704468,-1.405029,24.6632,-246.1223
61.861,1.615479,-0.50354,-0.7476807,24.75462,-216.0681
61.891,1.412842,-0.08276367,-0.2126465,25.17709,-157.6875
61.921,1.589844,0.05236816,-0.21875,25.82015,-87.09776
61.951,1.889893,0.3515625,0.1417236,25.68093,-26.28222
61.981,1.606445,0.8018799,0.3602295,24.92263,4.494446
62.011,1.438599,1.566528,0.6022949,24.05342,-4.198659
62.041,0.6661377,1.400024,1.975098,23.20698,-15.15147
62.071,0.9125977,1.530273,1.287354,22.90083,-21.7978
62.101,1.121582,0.4244385,0.7182617,24.9143,-10.23332
62.131,2.223267,0.08093262,-0.1450195,31.48061,33.39654
62.161,2.798706,-0.6186523,-0.8028564,36.32345,83.98523
62.191,2.551392,-1.084351,-0.7810059,41.78668,133.0787
62.221,2.314575,-1.271118,-1.022461,49.89334,181.3548
62.251,1.277466,-1.247559,-1.369751,59.5035,222.5214
62.281,0.3892822,-1.07251,-1.251953,70.18567,258.2592
62.311,-0.5106201,-1.445801,-0.8708496,69.19505,246.824
62.341,-0.3729248,-1.345703,-0.7314453,64.90961,175.4304
62.371,0.6386719,-0.2067871,0.1761475,59.44335,59.97877
62.401,0.1741943,1.737183,1.085571,52.44746,-68.37394
62.431,-0.1721191,0.6031494,0.7849121,43.4149,-180.5361
62.461,3.630737,-2.91272,-1.129395,33.38381,-238.6059
62.491,1.032837,-1.493042,-1.573364,25.95634,-268.55
62.521,1.337158,-0.5617676,-0.8676758,24.82786,-250.078
62.551,1.374146,-0.03271484,-0.3477783,24.91607,-191.2815
62.581,1.816895,-0.1159668,-0.1716309,25.79546,-109.1704
62.611,1.893188,0.506958,0.1711426,25.60264,-37.42881
62.641,1.757813,0.8865967,0.3081055,24.9644,-1.672359
62.671,1.265381,1.611206,0.6621094,23.76211,-5.120561
62.701,0.5031738,1.944824,1.404053,22.36417,-18.56932
62.731,0.7203369,1.062744,1.241333,20.76214,-34.36602
62.761,1.165283,0.199585,0.9501953,23.28716,-24.36395
62.791,1.807129,0.2200928,-0.04199219,27.88672,11.0331
62.821,3.170776,-0.2841797,-0.9437256,31.50849,55.07101
62.851,2.557617,-0.9666748,-0.6376953,38.12448,110.1335
62.881,2.022583,-1.043213,-0.7128906,48.23848,176.6814
62.911,1.251709,-0.9984131,-1.224731,62.10799,249.31
62.941,0.4737549,-0.899292,-1.292236,74.84324,320.662
62.971,-0.4541016,-1.58374,-1.163696,79.16927,345.0759
63.001,-0.6300049,-0.8937988,-0.6195068,74.93424,275.787
63.031,0.0892334,-0.9901123,-0.05102539,59.76127,95.63683
63.061,0.7786865,1.428101,1.638062,50.23043,-103.6845
63.091,-0.4638672,1.142456,0.2542725,42.07288,-253.1822
63.121,2.760742,-2.564941,-2.056641,35.65899,-310.1584
63.151,0.7545166,-1.130249,-1.466064,29.29847,-293.9459
63.18,1.335571,-0.6630859,-1.161133,23.63205,-239.177
63.21,1.50415,0.03369141,-0.3851318,23.97659,-185.2582
63.24,1.867554,-0.2445068,-0.3665771,25.25784,-119.8043
63.27,1.991821,0.3782959,0.1783447,25.65712,-59.07529
63.3,1.654297,1.079834,0.392334,25.50252,-10.93564
63.33,1.179443,2.011719,0.8063965,24.76713,10.14519
63.361,0.440918,1.570435,1.973755,23.71735,-2.826223
63.39,0.7495117,0.7930908,1.042358,23.06789,-16.63493
63.42,1.028076,0.4100342,0.6137695,24.95472,-11.33519
63.45,1.86499,-0.01660156,-0.1787109,30.23956,22.41105
63.48,2.893677,-0.2012939,-1.024414,41.93371,102.4785
63.51,2.785034,-1.086914,-0.9832764,49.52588,183.0256
63.54,2.496826,-1.623901,-1.216919,56.00452,238.1817
63.57,1.134888,-1.428589,-1.197388,61.84415,256.5087
63.6,0.18396,-0.9630127,-1.016113,67.81516,241.9885
63.63,-0.4984131,-1.428589,-0.9985352,73.5594,208.4152
63.66,-0.4511719,-0.9462891,-0.5187988,67.80805,142.9014
63.69,0.6225586,-0.5429688,0.5021973,56.28394,23.84103
63.72,0.2182617,1.818848,0.5327148,47.52821,-106.5949
63.75,-0.5302734,0.1651611,-0.1280518,40.4586,-215.6194
63.78,3.208374,-1.491211,-1.343994,34.53658,-272.303
63.81,0.9312744,-1.179199,-0.3637695,28.34036,-256.8097
63.84,1.229492,-0.6217041,-1.117676,24.47966,-211.9114
63.87,1.386841,0.175415,-0.87146,25.76107,-155.2084
63.9,1.801392,-0.1201172,-0.3972168,26.29404,-96.20005
63.93,1.639404,0.2652588,0.2009277,26.58717,-42.48057
63.96,1.649902,0.6363525,0.4456787,26.36789,-2.863688
63.99,1.208618,1.198975,0.4586182,25.74757,8.050629
64.02,0.7755127,1.880737,1.117432,24.44038,-8.059147
64.05,0.699585,1.942993,0.9989014,23.36887,-20.65384
64.08,0.8762207,0.8800049,1.313965,22.39399,-29.78106
64.11,1.601929,0.2181396,0.2266846,26.09393,-11.90668
64.14,3.166016,-0.5687256,-0.5767822,32.58253,36.3434
64.17,2.883423,-1.010132,-0.5848389,37.19597,90.58938
64.2,2.450562,-1.576904,-0.9417725,43.8041,145.7816
64.23,1.359131,-1.251465,-0.9665527,52.40818,197.9189
64.26,0.1851807,-1.138062,-0.9301758,62.54778,236.5279
64.29,-0.3138428,-1.372681,-1.62146,69.84101,258.0494
64.32,-0.4576416,-1.171021,-0.9394531,67.87317,230.1298
64.35,0.03466797,-0.800293,-0.09765625,60.59833,131.1042
64.38,0.7543945,1.234375,1.129761,45.05526,-42.45785
64.41,-0.4910889,0.4603271,-0.09594727,36.01825,-204.0759
64.44,2.245361,-1.511475,-1.682617,30.38002,-293.7265
64.47,0.8775635,-1.198486,0.05407715,28.79342,-281.0388
64.5,0.9217529,-0.6386719,-0.8939209,27.06056,-211.5358
64.53,1.346191,0.262085,-0.9382324,25.53156,-120.0744
64.56,1.731323,-0.4558105,-0.07165527,24.83361,-68.76324
64.59,1.814575,0.1337891,0.5344238,24.40478,-41.22343
64.62,1.555298,0.8535156,0.7668457,23.53579,-33.28899
64.65,1.368042,1.714111,1.091553,22.50404,-27.80833
64.68,0.75,1.678833,1.778809,21.29207,-27.67156
64.71,0.8404541,1.306641,0.8532715,20.34293,-31.26029
64.74,1.121582,0.5964355,0.7457275,20.34054,-29.63028
64.77,2.119385,0.2213135,-0.2966309,25.80754,3.732442
64.799,2.681763,-0.2828369,-0.6878662,34.55443,70.28632
64.829,2.767334,-1.137939,-0.8157959,49.11483,179.3341
64.859,2.420532,-1.956421,-1.119995,58.21391,273.1437
64.889,1.275146,-1.364136,-1.424194,64.81866,320.6956
64.92,0.4191895,-1.07373,-1.353027,69.35441,302.1289
64.949,-0.5183105,-1.74585,-0.8076172,70.14053,232.9716
64.979,-0.3575439,-1.823242,-0.5910645,69.4094,135.1432
65.009,0.8260498,-0.4018555,0.2109375,60.42861,24.70845
65.039,0.1166992,2.245117,0.4240723,45.1298,-120.2459
65.069,-0.2731934,0.6115723,0.4407959,37.21784,-234.5834
65.099,3.756592,-1.438354,0.5047607,32.33676,-286.5641
65.129,0.8809814,-0.8602295,-0.6777344,29.56649,-277.5257
65.159,1.292969,-0.6484375,-0.8702393,26.60179,-210.1953
65.189,1.236572,-0.1159668,-0.4708252,24.81904,-129.6878
65.219,1.674927,-0.2351074,-0.3778076,24.97396,-82.60688
65.249,1.916992,0.4338379,0.1796875,24.73212,-51.03196
65.279,1.644409,0.5820313,0.5134277,23.12094,-35.88749
65.31,1.274902,1.95752,1.407104,22.30858,-25.41693
65.339,0.7830811,1.6875,1.863647,21.89452,-23.02794
65.369,1.423218,1.1427,0.8343506,21.78432,-24.07525
65.399,1.782593,0.5151367,0.1312256,23.09641,-12.05734
65.429,3.082764,-0.230957,-0.5705566,28.21745,26.49552
65.459,3.112427,-0.6536865,-0.9924316,39.01328,99.56655
65.489,2.583862,-1.680542,-1.096436,53.55363,204.8604
65.519,1.543579,-1.514038,-1.0979,62.53573,291.3567
0.013,0.2502441,-1.325073,-1.077881,71.3909,-0.4591603
0.043,-0.6164551,-1.77124,-1.007324,71.41353,-0.3904283
0.073,-0.4307861,-1.44812,-0.6912842,69.41931,-0.2908317
0.103,1.091064,-0.06774902,0.3681641,66.70364,-0.1785956
0.133,-0.008544922,2.359131,0.2426758,51.37698,-0.0542392
0.163,-0.2202148,-0.4230957,-0.322998,36.91195,-224.0191
0.193,1.973511,-0.002075195,1.233521,27.16927,-318.1619
0.223,1.067139,-0.8839111,-0.1690674,25.1969,-337.3144
0.253,1.283203,-0.659668,-0.302124,24.75697,-283.825
0.283,1.347168,-0.04321289,-0.4825439,25.12852,-161.5996
0.313,1.764404,-0.2235107,-0.2672119,25.39447,-61.09481
0.343,1.857056,0.880249,0.2774658,24.86251,-10.06621
0.373,1.504639,0.614502,0.8289795,23.58595,-7.116299
0.403,1.287231,1.633911,1.480957,21.8806,-18.61095
0.433,0.8999023,2.180054,1.325073,21.10687,-30.40614
0.463,1.064697,1.381104,0.8100586,20.98759,-33.33972
0.493,1.380859,0.4237061,0.2368164,21.31657,-25.04623
0.523,3.07605,-0.2359619,-0.6062012,25.12588,5.607867
0.553,2.495483,-0.3757324,-0.480835,32.79773,63.78255
0.583,2.398438,-1.756226,-0.9119873,45.6068,154.0375
0.613,1.406494,-1.527344,-0.9498291,58.34645,254.6065
0.643,0.5849609,-1.256104,-1.176025,68.8383,333.409
0.673,-0.760498,-1.729126,-1.145508,73.37478,344.8627
0.703,-0.4700928,-1.098877,-0.6756592,73.91617,285.1314
0.733,0.5966797,-0.604248,0.2039795,67.38651,152.5183
0.763,0.6036377,1.285156,0.2757568,56.77936,-11.09467
0.793,-0.3344727,0.2670898,0.1254883,41.59958,-183.3424
0.823,3.840942,-2.282715,-1.203369,32.11903,-298.8911
0.853,1.036377,-1.408081,-1.294922,26.86223,-339.2875
0.883,1.275146,-0.4143066,-0.9686279,25.89002,-292.1089
0.913,1.081055,0.1765137,-0.5673828,25.83862,-197.2278
0.943,1.578613,-0.2028809,-0.4244385,25.97904,-93.25348
0.973,1.880371,0.5222168,-0.02209473,25.1381,-35.81492
1.003,1.80481,0.4387207,0.5223389,23.4872,-18.08621
1.033,1.250732,1.433472,1.419189,21.67755,-27.57866
1.063,0.9898682,2.143188,1.600464,21.08073,-36.51888
1.093,0.9642334,1.945801,0.7077637,21.27953,-35.69456
1.123,1.248291,0.583252,0.1378174,21.82531,-22.6512
1.153,3.093384,-0.442627,-0.5740967,23.3033,-0.2642149
1.183,2.496094,-0.78125,-0.1899414,29.32771,43.29933
1.213,2.825439,-1.420776,-0.7845459,39.04722,109.9571
1.243,1.901123,-1.702026,-0.8238525,54.76015,214.3745
1.273,0.732666,-1.443115,-0.989502,65.57707,307.4751
1.303,-0.3171387,-1.442139,-1.526001,71.24981,346.851
1.333,-0.7825928,-1.237671,-1.300903,67.24669,282.8758
1.363,-0.21521,-0.7779541,-0.3592529,60.60146,143.7177
1.393,1.327881,0.4178467,0.7408447,54.506,-19.23878
1.423,-0.08703613,1.809082,0.24646,46.71115,-144.0059
1.453,0.7028809,-0.4029541,-1.47937,37.7736,-223.8887
1.483,0.7425537,-0.2442627,1.140137,29.01774,-254.6887
1.513,0.8023682,-1.555298,-0.01025391,25.29489,-249.4621
1.543,1.419556,-0.6185303,-0.1988525,24.8151,-210.9134
1.573,1.32251,0.104248,-0.201416,24.82813,-144.7747
1.603,1.595825,-0.1295166,-0.3134766,24.83022,-74.0624
1.633,1.760742,0.3734131,-0.1479492,24.35977,-23.49603
1.663,1.947021,0.5803223,0.1252441,23.52803,-9.712574
1.693,1.337769,1.578491,1.045776,22.11962,-16.99821
1.723,0.8330078,1.302002,1.60498,21.14297,-26.08506
1.753,0.7984619,1.690308,0.9033203,20.99686,-28.78627
1.783,1.004028,1.059082,0.5478516,25.12333,-4.526041
1.813,2.674438,0.2434082,-0.4199219,29.73247,37.98782
1.843,2.42688,-0.4572754,-0.4595947,33.6557,83.40509
1.873,2.543213,-1.369141,-0.6048584,40.21529,131.3783
1.903,2.318115,-1.646606,-1.218994,49.1666,180.9979
1.933,1.184326,-1.524292,-1.269531,61.22064,233.6653
1.963,-0.1375732,-1.364258,-1.30835,66.37985,261.7934
1.993,-0.2976074,-0.9528809,-0.8774414,66.96176,244.8362
2.023,-0.02246094,-0.7347412,-0.317627,64.17955,169.8724
2.053,0.5201416,0.006103516,0.4217529,58.31008,52.54858
2.083,-0.2615967,1.282227,-0.02526855,50.00095,-79.13331
2.113,1.392334,-1.269409,-2.026611,40.16595,-178.8775
2.143,0.2723389,-0.9575195,1.15918,28.72302,-258.613
2.173,1.176758,-0.1210938,-0.720459,26.51816,-273.2411
2.203,1.192139,0.2993164,-0.362793,26.14257,-231.1703
2.233,1.345215,0.08886719,-0.3988037,27.50407,-149.2947
2.263,1.577271,-0.1455078,-0.3916016,28.25826,-60.54373
2.293,1.747925,0.4265137,0.229126,28.16228,3.598173
2.323,1.384521,1.000977,0.6090088,27.41958,10.78135
2.353,0.8979492,1.431641,1.646484,25.98677,-1.074703
2.382,1.019287,2.353882,1.405273,23.83324,-24.71933
2.413,0.9594727,1.260864,0.9223633,23.3431,-37.20118
2.442,1.759399,0.1479492,0.1750488,25.61893,-25.97678
2.473,2.344238,-0.8035889,-0.241333,28.39968,3.293813
2.503,3.281982,-1.140869,-1.0271,32.5335,46.44883
2.532,2.688843,-2.13623,-1.481445,40.16312,106.2859
2.562,1.312866,-1.748413,-0.9921875,50.0723,173.4062
2.592,-0.5522461,-1.482788,-1.586182,62.43581,245.1596
2.622,-0.5168457,-0.9038086,-0.9865723,62.32334,258.3578
2.652,-0.09899902,-1.009033,-0.1756592,60.61359,209.5943
2.682,0.451416,0.8952637,0.3170166,48.18603,68.21517
2.712,-0.602417,0.5158691,0.05212402,36.88942,-105.1177
2.742,1.110962,-1.983521,-1.175293,30.10721,-238.4499
2.772,1.426758,-0.1563721,0.9056396,29.01935,-256.5102
2.802,1.946655,-0.4959717,-0.1268311,28.53328,-213.9846
2.832,2.217163,0.4095459,-0.03991699,27.8084,-121.947
2.862,2.460205,0.1340332,0.4371338,27.13145,-53.49743
2.893,1.288574,1.459717,0.5648193,26.48821,-23.20296
2.922,1.497437,0.1221924,0.7166748,25.82001,-21.65994
2.953,1.172119,-0.7723389,0.008911133,25.43499,-20.92187
2.982,0.9383545,-0.7052002,-0.1627197,26.52277,-11.63288
3.012,0.6697998,-0.5463867,-0.09143066,28.56691,6.503028
3.042,0.5463867,-0.2628174,-0.1947021,31.87546,34.74276
3.072,0.420166,-0.009521484,-0.2580566,34.20494,60.40871
3.102,0.5137939,-0.03808594,-0.3121338,35.54735,73.63894
3.132,0.4549561,-0.1184082,-0.215332,35.00219,62.54087
3.162,0.5697021,-0.2095947,-0.2373047,33.90177,35.61613
3.192,0.7252197,-0.3475342,-0.1251221,32.8669,3.335766
3.222,0.7067871,-0.1975098,0.0958252,31.56309,-21.2867
3.252,0.9359131,-0.02832031,0.1481934,29.82023,-38.08357
3.282,1.155518,-0.09765625,0.2496338,26.8397,-51.77227
3.312,1.042969,-0.1450195,0.2945557,23.97916,-66.13097
3.341,1.258789,-0.6802979,-0.03015137,21.79068,-77.60367
3.371,1.234497,-0.328125,0.105835,20.71359,-77.93563
3.401,1.101196,0.1329346,0.0925293,20.37957,-65.08893
3.431,1.245728,-0.2514648,0.2585449,20.46495,-41.91437
3.461,1.015259,-0.3529053,0.3737793,20.45282,-20.92588
3.491,0.9354248,-0.2769775,0.2611084,19.95405,-9.409614
3.521,0.9526367,-0.2242432,-0.01782227,19.78135,-5.66656
3.551,0.9873047,-0.3128662,0.03820801,19.71902,-5.57362
3.581,0.9500732,-0.2972412,0.06616211,19.70132,-5.897384
3.611,0.9957275,-0.3417969,0.08227539,19.58101,-4.932911
3.641,1.005371,-0.3529053,0.100708,19.09793,-4.666031
3.672,0.9807129,-0.2626953,0.1118164,19.25198,-4.385113
3.701,0.9906006,-0.2503662,0.09594727,19.62772,-2.181614
3.731,0.9995117,-0.2680664,0.07580566,19.82907,0.870088
3.761,0.9772949,-0.2264404,0.07556152,19.87648,3.842394
3.791,0.9991455,-0.1540527,0.06066895,19.74029,5.043249
3.821,1.001343,-0.1477051,0.08898926,19.7241,2.612875
3.851,0.9998779,-0.1813965,0.1369629,19.68905,-0.1375888
3.881,1.004028,-0.2333984,0.1652832,19.32679,-2.942765
3.911,0.9798584,-0.2646484,0.1295166,18.74057,-6.623964
3.941,0.984375,-0.2595215,0.1063232,17.75962,-12.58688
3.971,0.986084,-0.2161865,0.06811523,17.64228,-15.98439
4.001,0.9732666,-0.1794434,0.04394531,17.62669,-15.56787
4.031,0.9555664,-0.1334229,0.04931641,17.79986,-10.56536
4.061,0.9581299,-0.1315918,0.05541992,17.84007,-4.187963
4.091,0.9710693,-0.1160889,0.08996582,17.51338,-0.4425281
4.121,0.9707031,-0.1402588,0.1187744,17.27762,-2.021913
4.151,0.9857178,-0.1563721,0.1456299,17.07964,-4.408212
4.181,0.9891357,-0.1428223,0.1557617,16.99453,-6.232084
4.211,0.9985352,-0.1357422,0.1346436,16.98969,-5.720436
4.241,0.9993896,-0.1660156,0.1274414,17.04381,-3.139773
4.271,1.000122,-0.1887207,0.1225586,16.96683,-1.586905
4.301,0.9937744,-0.1968994,0.1082764,16.85181,-1.112497
4.331,0.975708,-0.1965332,0.08740234,17.04335,-0.2347528
4.361,0.9719238,-0.1668701,0.07800293,17.04683,0.1612717
4.391,0.9899902,-0.1575928,0.09509277,16.47777,-2.284426
4.42,0.9902344,-0.151123,0.1240234,16.43632,-3.602387
4.451,0.9846191,-0.1589355,0.130127,16.44893,-4.200744
4.48,0.989502,-0.1568604,0.1018066,16.75871,-3.125401
4.51,0.980957,-0.1879883,0.0847168,16.91618,0.1906826
4.54,1.000122,-0.1612549,0.07556152,16.54333,1.983755
4.57,0.9923096,-0.1529541,0.105835,16.55249,0.9681681
4.6,0.9963379,-0.1479492,0.1082764,16.60291,-0.2251161
4.63,0.9775391,-0.137085,0.0994873,16.60985,-1.595178
4.66,0.9858398,-0.1323242,0.09558105,16.62986,-1.125359
4.69,0.9981689,-0.1213379,0.08691406,16.70011,0.9742436
4.72,0.9924316,-0.1350098,0.09570313,16.77745,1.367972
4.75,1.011841,-0.1691895,0.07885742,16.84593,1.702976
4.78,0.9998779,-0.2044678,0.06054688,16.83464,1.761425
4.81,1.001099,-0.1966553,0.0369873,16.75151,1.02891
4.841,0.9880371,-0.1573486,0.05737305,16.4397,-1.330252
4.87,0.9766846,-0.1101074,0.07495117,16.5728,-2.21829
4.9,0.9956055,-0.07885742,0.1025391,16.95445,-0.5458737
4.93,1.004639,-0.08605957,0.1312256,17.35759,3.178645
4.96,1.012085,-0.159668,0.09326172,17.53947,6.744839
4.99,0.9888916,-0.1785889,0.08032227,17.45127,7.999701
5.02,0.9968262,-0.1828613,0.0526123,17.25933,4.861914
5.05,0.9799805,-0.1639404,0.07507324,16.95209,-0.3759735
5.08,1.008301,-0.1262207,0.07629395,16.67509,-5.111022
5.11,0.9938965,-0.1085205,0.08032227,16.60472,-6.96147
5.14,0.9871826,-0.1141357,0.08227539,16.91762,-4.67536
5.17,1.006592,-0.1228027,0.0736084,17.16037,-0.6367459
5.2,0.9906006,-0.1187744,0.08483887,17.34294,3.545731
5.23,1.01001,-0.1289063,0.08056641,17.20479,4.862769
5.26,0.9855957,-0.1234131,0.09643555,17.02219,2.982316
5.29,1.006592,-0.1309814,0.0793457,16.94925,-0.3757632
5.32,0.989624,-0.1392822,0.08361816,17.08167,-1.673513
5.35,0.9993896,-0.125,0.08093262,17.37508,-0.2681934
5.38,0.9989014,-0.1252441,0.09020996,17.57606,2.902354
5.41,0.9907227,-0.1026611,0.08972168,17.70257,5.310241
5.44,0.9941406,-0.1131592,0.08581543,17.74918,5.77462
5.47,0.994751,-0.1177979,0.1021729,17.50188,3.190368
5.5,1.004883,-0.1402588,0.1108398,16.97911,-2.053122
5.53,0.9859619,-0.1456299,0.1079102,16.67609,-6.58815
5.56,1.006348,-0.119751,0.1019287,16.59783,-8.824525
5.59,0.9859619,-0.1088867,0.08239746,16.82479,-7.273442
5.62,1.005981,-0.09924316,0.09680176,16.88298,-3.462567
5.65,1.004395,-0.0994873,0.07995605,16.89075,0.386524
5.68,0.9874268,-0.09594727,0.08898926,16.72813,1.140153
5.71,1.000854,-0.07519531,0.1037598,16.54332,-0.5283361
5.74,1.005493,-0.08410645,0.0916748,16.40827,-3.108776
5.77,0.9959717,-0.08105469,0.1094971,16.78559,-2.018293
5.8,1.002441,-0.08068848,0.1220703,17.45663,2.730219
5.829,1.001221,-0.1079102,0.111084,17.408,6.232285
5.859,0.9798584,-0.07141113,0.1019287,17.12735,6.332764
5.889,1.014038,-0.05212402,0.1159668,16.27265,0.2841622
5.919,1.007813,-0.02062988,0.09875488,15.7994,-8.434321
5.949,1.02002,-0.08056641,0.0723877,15.511,-14.76002
5.979,0.9881592,-0.1391602,0.05969238,15.46383,-14.32676
6.01,0.9915771,-0.1309814,0.08105469,15.57146,-9.924051
6.039,1.000732,-0.1130371,0.08227539,16.10528,-1.49823
6.069,1.009399,-0.1022949,0.09875488,16.13034,3.357563
6.099,0.9876709,-0.09619141,0.1071777,16.14868,5.443454
6.129,1.010498,-0.09350586,0.09399414,16.26904,5.514707
6.159,0.9885254,-0.1262207,0.09631348,16.23598,3.652243
6.189,0.9970703,-0.1530762,0.1179199,15.72282,-1.404779
6.219,0.9882813,-0.1535645,0.1166992,15.47681,-4.360259
6.249,0.9874268,-0.1473389,0.09460449,15.37319,-6.445069
6.279,0.9781494,-0.1329346,0.1079102,15.77762,-5.039532
6.309,0.9729004,-0.07641602,0.112915,16.16111,-0.2986315
6.339,1.003418,-0.04553223,0.08703613,16.26555,4.924718
6.369,0.9815674,-0.0201416,0.1019287,15.97404,5.282594
6.399,1.015625,-0.007202148,0.1251221,15.33059,0.4578557
6.429,0.9993896,-0.03955078,0.1413574,14.81452,-7.236733
6.459,0.9984131,-0.05615234,0.1409912,14.50464,-12.64661
6.489,0.9984131,-0.07751465,0.1323242,14.42739,-13.44292
6.519,1.017822,-0.08410645,0.09692383,14.34802,-10.61866
6.549,1.011353,-0.1376953,0.06481934,14.31072,-6.26294
6.579,1.036499,-0.1702881,0.01281738,14.46395,-2.298978
6.609,1.080811,-0.2406006,-0.04003906,14.84051,1.668323
6.639,1.063843,-0.3625488,-0.04064941,15.70484,7.636105
6.669,1.056396,-0.3565674,-0.0123291,16.22114,13.26144
6.699,1.010376,-0.09057617,0.0703125,16.58495,16.67334
6.729,0.994873,0.1669922,0.3344727,16.78571,16.53181
6.759,0.9807129,0.2989502,0.4289551,16.9625,13.53941
6.789,0.8826904,0.1663818,0.2581787,17.26524,9.739853
6.819,0.8892822,-0.04602051,0.1541748,17.19728,6.760344
6.849,0.8686523,-0.09887695,0.07312012,17.10012,3.917448
6.879,0.9123535,-0.1379395,0.07214355,18.71527,9.516855
6.909,0.9332275,-0.1646729,-0.04174805,21.3812,25.09184
6.939,0.9138184,-0.2161865,-0.0144043,25.62006,53.27717
6.969,0.9639893,-0.3486328,0.01306152,27.88578,77.77932
6.999,0.9036865,-0.3948975,-0.03564453,29.59564,89.74097
7.029,0.9421387,-0.3519287,-0.1932373,32.27718,90.2082
7.059,0.8746338,-0.3546143,-0.1053467,36.2669,91.53306
7.089,0.8674316,-0.3181152,-0.105835,42.94569,109.0029
7.119,0.9016113,-0.3876953,-0.0970459,48.46861,139.9562
7.149,0.8681641,-0.392334,-0.1005859,53.30309,165.5146
7.179,0.9001465,-0.3365479,-0.1617432,56.29152,168.2887
7.209,0.9121094,-0.3353271,-0.2171631,57.63032,144.4658
7.239,0.932251,-0.3376465,-0.258667,58.11519,101.2582
7.269,0.9212646,-0.2475586,-0.3155518,57.77384,59.33452
7.299,0.9589844,-0.1549072,-0.4154053,56.66428,20.70265
7.329,0.9658203,-0.03442383,-0.4658203,54.05717,-13.72496
7.359,0.9614258,0.1811523,-0.4434814,50.37576,-47.1966
7.389,0.9694824,0.2861328,-0.522583,45.32038,-84.54803
7.419,0.9716797,0.1337891,-0.460083,42.33774,-109.4225
7.448,0.972168,0.01379395,-0.2918701,40.17578,-117.4209
7.478,0.9471436,0.2646484,-0.2584229,37.41072,-112.1707
7.508,0.9688721,0.3168945,-0.02758789,33.76652,-104.6873
7.538,1.042725,0.1940918,0.1055908,27.95498,-110.7308
7.569,0.9180908,0.1820068,0.2159424,23.24598,-129.4617
7.598,0.8510742,0.09814453,0.04333496,19.54642,-143.8619
7.628,0.8890381,0.3249512,-0.1224365,17.12919,-141.6222
7.658,1.040039,-0.3532715,-0.7235107,16.14651,-118.5607
7.688,1.335693,-0.1738281,-0.1345215,15.86752,-80.39355
7.718,1.204956,-0.5513916,-0.0489502,16.10703,-45.54074
7.748,1.265747,0.04882813,0.09057617,16.75242,-16.49092
7.778,1.152466,0.006347656,-0.1376953,17.18063,2.204246
7.808,0.9378662,0.02233887,-0.3863525,17.3431,10.06447
7.838,0.8946533,0.1352539,-0.4279785,17.09994,9.808132
7.868,0.9709473,0.08581543,-0.3554688,16.96343,5.225756
7.898,1.264038,0.1025391,-0.09667969,16.86874,-0.2982543
7.928,1.325806,0.09094238,0.08068848,16.85876,-3.018047
7.959,0.9334717,0.1157227,-0.4105225,16.87424,-2.991384
7.988,0.8922119,-0.2164307,-0.4389648,16.95104,-0.9717375
8.018,0.989502,-0.2275391,-0.2301025,17.03045,0.5647295
8.048,0.9536133,-0.1152344,-0.08190918,17.09119,1.621467
8.078,0.9622803,-0.03820801,-0.06689453,16.82122,0.5156529
8.108,0.9771729,-0.03759766,-0.07800293,16.46016,-2.306534
8.138,0.9777832,0.05053711,-0.05761719,16.14272,-5.735655
8.168,0.9532471,0.08337402,-0.08374023,15.86262,-8.614903
8.198,0.9630127,0.1229248,-0.1817627,15.66378,-9.838415
8.228,0.9967041,0.1037598,-0.2290039,15.68078,-7.972807
8.258,0.9608154,-0.02038574,-0.2281494,15.80877,-4.611055
8.288,0.9649658,-0.09069824,-0.2365723,16.26964,0.4667024
8.318,1.134888,-0.03308105,-0.1616211,16.43079,4.558474
8.348,1.393921,-0.151001,0.1975098,16.50188,6.572743
8.378,1.147705,-0.0526123,0.3217773,16.56851,6.361043
8.408,1.033813,-0.0008544922,0.1646729,16.71592,5.241382
8.438,0.9400635,-0.1125488,-0.02404785,17.15979,5.116961
8.468,0.890625,-0.3588867,-0.2705078,18.61849,12.43781
8.498,0.9788818,-0.515625,-0.2993164,21.24508,28.86651
8.528,0.9237061,-0.5375977,-0.4515381,24.21419,50.7377
8.558,0.9328613,-0.4100342,-0.4509277,26.8415,70.87395
8.588,0.9332275,-0.4152832,-0.4438477,28.42616,79.97137
8.618,0.8989258,-0.4241943,-0.3135986,28.92065,72.07747
8.648,0.8499756,-0.3845215,-0.04040527,29.01082,51.93594
8.678,0.7456055,-0.1374512,-0.123291,27.83252,23.89917
8.708,0.8145752,-0.354126,0.2298584,26.07792,-5.24631
8.738,0.8273926,-0.5028076,0.4661865,24.04373,-30.11299
8.768,1.183838,-0.2404785,-0.3112793,22.25867,-47.58647
8.798,1.341064,0.3900146,0.4034424,20.63346,-57.75478
8.828,0.7454834,0.08972168,-0.2452393,19.47758,-57.04111
8.858,1.072632,0.1889648,-0.06359863,18.88353,-48.85294
8.888,1.018921,-0.09179688,-0.02294922,18.69915,-36.19444
8.918,1.000732,0.1517334,-0.0612793,18.30671,-24.9112
8.948,0.9929199,-0.005615234,-0.1450195,17.85878,-16.73371
8.978,0.9974365,-0.06860352,-0.199585,17.58325,-12.32222
9.008,0.9835205,-0.046875,-0.140625,17.52945,-10.06293
9.038,0.9780273,-0.1379395,-0.09375,17.75903,-6.959952
9.068,1.00354,-0.1538086,-0.05419922,17.98942,-1.847156
9.097,0.9870605,-0.1590576,-0.09692383,18.18666,2.944924
9.128,1.004883,-0.1401367,-0.1044922,17.89536,3.58063
9.157,0.9903564,-0.07165527,-0.07629395,17.50886,0.4801507
9.187,0.9973145,0.01269531,-0.007568359,17.18259,-4.429731
9.217,0.9782715,0.1074219,0.07385254,17.02702,-7.869509
9.247,1.033813,0.02331543,0.005493164,16.94241,-8.738324
9.277,1.174072,-0.2719727,-0.007568359,16.8297,-6.863961
9.307,1.181396,-0.2862549,-0.004638672,16.70416,-4.920709
9.337,1.247192,-0.2454834,0.05004883,16.53045,-4.135238
9.367,1.147583,-0.137085,-0.05517578,16.83945,-2.189788
9.397,1.008911,-0.2041016,-0.1094971,17.67689,3.359924
9.427,0.9490967,-0.2595215,-0.1499023,19.45611,15.58018
9.457,0.9163818,-0.2514648,-0.1257324,21.08791,30.03159
9.487,0.8948975,-0.2318115,-0.07409668,21.84596,39.14492
9.518,0.8625488,-0.2817383,0.01379395,21.75158,36.63142
9.547,0.8986816,-0.3000488,0.03833008,21.34178,24.6678
9.577,0.9946289,-0.3165283,0.08093262,21.3573,9.708578
9.607,0.9991455,-0.2736816,0.109375,21.2816,-0.8462027
9.637,0.9822998,-0.2010498,0.1065674,20.77921,-6.421344
9.667,0.9953613,-0.1623535,0.06347656,20.16034,-9.304254
9.697,0.9807129,-0.1452637,0.1044922,19.436,-12.97349
9.727,0.9365234,-0.1893311,0.08105469,19.1004,-16.60969
9.757,0.9176025,-0.1447754,0.08813477,18.76585,-17.46621
9.787,0.9476318,-0.1594238,0.1052246,18.14511,-16.84721
9.817,0.9624023,-0.2155762,0.1018066,17.45623,-16.8836
9.847,0.9573975,-0.2374268,0.1170654,16.83843,-17.65816
9.877,0.949585,-0.2596436,0.1345215,16.79113,-17.15951
9.907,0.9508057,-0.2313232,0.1275635,16.77639,-13.93053
9.937,0.9682617,-0.234375,0.1525879,16.76883,-8.541181
9.967,0.9370117,-0.2200928,0.1256104,16.67958,-3.911238
9.997,0.9575195,-0.2064209,0.1003418,16.53885,-1.7525
10.027,0.9661865,-0.2095947,0.1005859,16.5678,-1.827139
10.057,0.9637451,-0.2109375,0.0925293,16.61047,-1.498485
10.087,0.9783936,-0.2191162,0.08813477,16.60754,-0.937938
10.117,0.9973145,-0.2491455,0.08728027,16.75844,0.6124323
10.147,0.984375,-0.2576904,0.1051025,17.09348,3.183002
10.177,0.9697266,-0.237793,0.1055908,17.38871,5.432844
10.207,0.9656982,-0.2174072,0.09716797,17.4337,6.471173
10.237,0.9628906,-0.203125,0.09240723,16.85419,3.385028
10.267,0.9538574,-0.2069092,0.09448242,16.36148,-2.531111
10.297,0.9632568,-0.2208252,0.08496094,15.95716,-8.897915
10.327,0.9711914,-0.2282715,0.08532715,16.26003,-10.06262
10.357,0.9942627,-0.225708,0.1124268,16.78488,-5.172321
10.387,0.9818115,-0.2320557,0.1098633,17.27849,3.518635
10.417,0.9753418,-0.2520752,0.07873535,17.27987,8.64839
10.447,0.9803467,-0.2272949,0.08435059,17.26813,9.626658
