24.816,-0.9462891,-0.2854004,0.02319336,5.8794,0,1.586914,-0.793457,-1.831055,0.0007324219,-15.20313,-4.578125,0.2929688,-6519,-7666,-32,0.1751173,-0.609953,-0.376183,-0.675173,-17.19144,-13.37975,11.19127
24.846,-0.9423828,-0.2971191,0.02734375,5.687588,0,1.037598,-1.403809,-1.953125,0.0007324219,-15.12109,-4.613281,0.328125,-6519,-7666,-32,0.1749268,-0.6098633,-0.3768311,-0.6749268,-17.25306,-13.45379,11.2023
24.876,-0.942627,-0.3059082,0.03491211,5.5323,0,-0.1831055,-2.13623,-1.89209,0.0007324219,-15.02734,-4.878906,0.5234375,-6519,-7666,-32,0.1744854,-0.6099476,-0.3772913,-0.674714,-17.3159,-13.53277,11.20913
24.906,-0.9470215,-0.2998047,0.03149414,5.536511,0,-0.9155273,-2.258301,-2.01416,0.0007324219,-15.19141,-4.925781,0.5078125,-6519,-7666,-32,0.1737671,-0.6101685,-0.3776855,-0.6744995,-17.39179,-13.62911,11.21592
24.936,-0.947998,-0.2890625,0.03076172,5.566629,0,-1.403809,-2.685547,-2.13623,0.0007324219,-15.09375,-4.675781,0.5,-6519,-7666,-32,0.1729449,-0.6104498,-0.3778905,-0.6743329,-17.46124,-13.71703,11.2222
24.966,-0.9431152,-0.2788086,0.0246582,5.704726,-1.173367,-2.746582,-3.479004,-2.685547,0.0007324219,-15.10938,-4.570313,0.5390625,-6519,-7666,-32,0.171936,-0.6108398,-0.3779907,-0.6741943,-17.53512,-13.81094,11.22813
24.996,-0.9470215,-0.2683105,0.004882813,5.985,1.937577,-4.394531,-4.821777,-3.662109,0.0007324219,-15.04688,-4.4375,0.390625,-6519,-7666,-32,0.1704345,-0.6114133,-0.3779831,-0.6740417,-17.63517,-13.93594,11.23848
25.026,-0.9868164,-0.1821289,0.004882813,5.968988,3.492383,-4.211426,-5.310059,-5.065918,0.0007324219,-15.5,-3.820313,0.1054688,-6519,-7666,-32,0.168457,-0.6121826,-0.3779297,-0.6738892,-17.76454,-14.09534,11.25407
25.056,-0.9897461,-0.1474609,-0.02172852,5.8569,2.942185,-0.3051758,-7.141113,-8.178711,0.0007324219,-15.64844,-2.605469,-0.125,-6519,-7666,-32,0.1665364,-0.6127609,-0.378727,-0.6733492,-17.95362,-14.33091,11.2722
25.086,-1.009277,-0.02832031,-0.09057617,6.062834,2.782411,0.9155273,-11.23047,-13.5498,0.0007324219,-15.92578,-1.542969,-0.9492188,-6519,-7666,-32,0.1644897,-0.6132813,-0.3804932,-0.6724243,-18.22244,-14.66749,11.29296
25.116,-1.072754,0.1083984,-0.1887207,6.544714,4.115576,1.586914,-19.53125,-22.2168,0.0007324219,-16.49609,0.5742188,-2.304688,-6519,-7666,-32,0.1603021,-0.6143433,-0.3836173,-0.6706648,-18.74436,-15.31186,11.33646
25.146,-1.059814,0.1616211,-0.3193359,7.658949,9.812249,-0.4882813,-30.94482,-37.47559,0.0007324219,-17.48828,2.765625,-4.25,-6519,-7666,-32,0.1541748,-0.6158447,-0.3884277,-0.6679688,-19.53901,-16.27788,11.40295
25.177,-0.9101563,-0.145752,-0.3164063,9.6443,23.05898,-4.02832,-39.79492,-50.04883,0.0007324219,-16.51563,0.8320313,-5.007813,-6519,-7666,-32,0.1434731,-0.6178353,-0.3960424,-0.6639233,-20.91977,-17.86633,11.61083
25.206,-0.6904297,-0.2712402,0.01245117,11.73995,39.19205,2.319336,-55.9082,-53.95508,0.0007324219,-11.42969,-3.417969,-2.03125,-6519,-7666,-32,0.1292114,-0.6201782,-0.4058838,-0.6588135,-22.78464,-19.944,11.94676
25.238,-0.480957,-0.5063477,0.286377,14.5851,56.79314,7.568359,-51.75781,-34.24072,0.0007324219,-11.82813,-2.953125,1.289063,-6519,-7666,-32,0.1164237,-0.6242922,-0.4173242,-0.650112,-24.65977,-22.21533,11.84367
25.266,-0.5578613,-0.7302246,0.2614746,19.14596,81.26261,17.51709,-66.95557,-47.97363,0.0007324219,-4.457031,-11.375,5.726563,-6519,-7666,-32,0.1055298,-0.6291504,-0.4286499,-0.6398315,-26.4287,-24.40999,11.45703
25.297,-1.189697,-0.3227539,0.2341309,26.4567,118.8072,17.21191,-61.4624,-50.65918,0.0007324219,-17.74609,-7.300781,2.902344,-6519,-7666,-32,0.09341396,-0.6340003,-0.4407225,-0.6286088,-28.43523,-26.78986,11.0697
25.326,-0.6279297,-0.8005371,0.3327637,34.05321,163.0824,25.81787,-55.54199,-27.9541,0.0007324219,-12.84766,-9.308594,5.625,-6519,-7666,-32,0.08215332,-0.6386719,-0.4522095,-0.6171875,-30.38957,-29.06224,10.60989
25.357,-0.9602051,-0.3413086,0.279541,43.6116,214.2791,12.146,-49.74365,-24.6582,0.0007324219,-14.51953,-9.84375,4.101563,-6519,-7666,-32,0.07465735,-0.6434265,-0.4608813,-0.6067906,-31.84098,-30.78527,9.941114
25.388,-0.6765137,-0.7697754,0.2446289,52.48629,257.4531,17.8833,-39.42871,-9.94873,0.0007324219,-12.39063,-9.085938,5.808594,-6519,-7666,-32,0.06964111,-0.6480713,-0.4675293,-0.597229,-32.95289,-32.12537,9.148614
25.417,-0.7739258,-0.5966797,0.3439941,60.7954,279.4217,10.19287,-37.29248,-6.286621,0.0007324219,-16.72656,-7.695313,2.320313,-6519,-7666,-32,0.06415309,-0.6528124,-0.4719704,-0.589086,-33.93885,-33.27746,8.459981
25.447,-1.145752,-0.675293,0.4804688,71.14231,296.5205,4.943848,-44.31152,-10.00977,0.0007324219,-11.63672,-11.28516,6.75,-6519,-7666,-32,0.05871582,-0.657959,-0.4750977,-0.5814209,-34.83599,-34.31357,7.753589
25.477,-0.9162598,-0.4416504,0.5305176,82.7564,317.2059,-2.868652,-23.4375,-4.02832,0.0007324219,-20.39844,-9.566406,6.496094,-6519,-7666,-32,0.05397519,-0.6619134,-0.4769736,-0.5757914,-35.54387,-35.107,7.261594
25.507,-0.4401855,-0.5617676,0.4279785,92.73859,331.2157,-1.342773,-21.48438,-6.103516,0.0007324219,-12.38672,-8.265625,7.273438,-6519,-7666,-32,0.04974365,-0.6652222,-0.4779053,-0.5715332,-36.10802,-35.72796,6.90185
25.538,-0.329834,-0.4765625,0.6315918,102.387,339.9699,0.3662109,-28.19824,-6.469727,0.0007324219,-4.871094,-7.945313,8.558594,-6519,-7666,-32,0.04513196,-0.6683662,-0.4803557,-0.5660919,-36.85933,-36.54035,6.482431
25.567,-0.4609375,-0.3937988,0.7019043,110.7967,335.9328,7.080078,-18.18848,-13.3667,0.0007324219,-5.667969,-7.714844,12.72656,-6519,-7666,-32,0.04083252,-0.6709595,-0.4833984,-0.560791,-37.62706,-37.35871,6.098419
25.597,-0.4943848,-0.5952148,0.3693848,118.8955,316.4574,10.19287,-8.972168,-15.13672,0.0007324219,-6.714844,-7.292969,9.472656,-6519,-7666,-32,0.03788502,-0.6709595,-0.4871191,-0.5569886,-38.27792,-38.03133,5.970183
25.627,-0.8254395,-0.8742676,0.4489746,127.928,298.1743,3.723145,-16.29639,-7.995605,0.0007324219,-8.996094,-12.30078,6.371094,-6519,-7666,-32,0.0357666,-0.6709595,-0.4915771,-0.5540771,-38.86735,-38.63802,5.868695
25.658,-1.032715,-1.041504,0.392334,137.7254,294.3961,1.464844,-7.995605,-2.197266,0.0007324219,-16.24219,-15.39063,7.210938,-6519,-7666,-32,0.03334659,-0.6713516,-0.4918512,-0.5529883,-39.13508,-38.90651,5.908919
25.688,-0.8261719,-0.918457,0.4055176,140.5909,266.6484,-15.44189,-0.6713867,4.882813,0.0007324219,-14.56641,-16.32813,4.953125,-6519,-7666,-32,0.03112793,-0.6721802,-0.4919434,-0.5525513,-39.34302,-39.11331,5.962797
25.718,-0.7312012,-0.84375,0.5083008,141.792,217.1548,-18.9209,11.71875,4.333496,0.0007324219,-12.375,-13.51172,7.804688,-6519,-7666,-32,0.02867197,-0.6719384,-0.4893028,-0.55524,-39.26672,-38.99928,6.410773
25.747,-0.7028809,-0.9504395,0.4299316,140.984,147.6909,-30.63965,10.62012,15.01465,0.0007324219,-10.82031,-15.08594,6.914063,-6519,-7666,-32,0.02618408,-0.6712036,-0.4837036,-0.5611572,-38.86922,-38.52301,7.185124
25.778,-0.7419434,-1.180908,0.401123,138.2083,59.60936,-27.09961,24.4751,18.43262,0.0007324219,-12.37891,-15.375,7.601563,-6519,-7666,-32,0.02459851,-0.6700331,-0.4769148,-0.5683826,-38.27108,-37.82037,8.020207
25.807,-1.07959,-1.290771,0.5114746,131.397,-37.85464,-45.34912,24.6582,19.77539,0.0007324219,-13.20703,-20.44922,7.894531,-6519,-7666,-32,0.02362061,-0.668396,-0.46875,-0.5771484,-37.48034,-36.88644,8.945475
25.838,-1.171143,-1.375488,0.6357422,118.4364,-138.478,-69.33594,25.5127,40.89355,0.0007324219,-19.90625,-20.30859,7.890625,-6519,-7666,-32,0.02006296,-0.6684886,-0.4529551,-0.5897902,-36.24763,-35.41652,10.1226
25.867,-0.8371582,-1.615967,1.164063,109.201,-226.8434,-109.6191,46.56982,62.01172,0.0007324219,-15.1875,-23.44141,14.17969,-6519,-7666,-32,0.01483154,-0.6690674,-0.4317627,-0.6047974,-34.70944,-33.53253,11.39585
25.898,-1.19165,-1.849121,1.95874,99.5563,-291.6076,-148.1323,96.43555,100.8301,0.0007324219,-16.42188,-27.08984,23.36719,-7521.932,-13532.6,-32,0.01596522,-0.6646994,-0.3960176,-0.6324657,-31.31042,-29.32845,13.12057
25.928,-2.35376,-1.101074,2.41626,85.88589,-348.3944,-157.4707,227.7222,168.5791,0.0007324219,-30.89063,-23.67188,35.10938,-9641,-25928,-32,0.0201416,-0.6553345,-0.3478394,-0.6702881,-26.82279,-23.18748,15.03923
25.958,-2.57959,3.561523,-3.082275,68.9308,-397.3639,-25.02441,190.918,141.2964,0.0007324219,-48.54688,30.61328,21.01563,-11068.92,-25939.24,-32,0.0313875,-0.6492606,-0.3113176,-0.6934053,-23.11616,-18.1959,15.23469
25.988,-0.963623,-0.2780762,-0.8862305,50.78748,-448.9212,-140.564,-234.0698,-37.47559,0.0007324219,-2.078125,42.60156,-35.65625,-12428,-25943,-32,0.05145264,-0.6436157,-0.277771,-0.7113647,-19.23161,-13.13717,14.53583
26.018,-0.4992676,1.072998,0.2954102,30.6141,-526.8893,-25.20752,-97.65625,-67.68799,0.0007324219,-8.882813,7.9375,0.8515625,-12428,-25943,-32,0.04766846,-0.6486816,-0.2813644,-0.7055397,-19.58349,-14.11609,14.12456
26.048,0.184082,-0.3227539,0.8796387,24.01263,-534.9305,195.8008,38.51318,-42.17529,0.0007324219,-3.472656,11.16797,3.285156,-12428,-25943,-32,0.03308105,-0.6621704,-0.3032837,-0.6845093,-22.10456,-18.25356,13.33406
26.078,0.7163086,-1.426514,-0.2807617,21.1923,-455.6151,159.9731,87.28027,18.67676,0.0007324219,6.875,-16.82031,6.738281,-12428,-25943,-32,0.04738235,-0.656044,-0.3197346,-0.6846695,-22.28985,-18.41507,13.44852
26.108,0.2419434,-0.7424316,-0.4611816,19.59528,-325.7758,-69.94629,-1.831055,52.24609,0.0007324219,12.77344,-23.41797,-10.14844,-12428,-25943,-32,0.08251953,-0.638855,-0.3389282,-0.685791,-21.24172,-17.09044,13.37859
26.138,-0.1862793,0.3989258,-0.3256836,18.9152,-185.9411,-124.8779,-34.48486,32.95898,0.0007324219,-3.589844,0.2929688,-6.75,-12428,-25943,-32,0.07624435,-0.6427765,-0.3261833,-0.6888394,-20.70708,-16.45248,13.27728
26.168,-0.1086426,0.3583984,-0.3310547,18.05645,-75.88338,-59.75342,-11.47461,-10.55908,0.0007324219,-2.589844,7.503906,-5.3125,-12428,-25943,-32,0.05255127,-0.6560669,-0.2910156,-0.694397,-19.66621,-15.34126,12.90071
26.199,0.09960938,-0.1047363,-0.1132813,17.3399,-41.1476,-31.55518,-10.92529,-43.27393,0.0007324219,0.2460938,1.128906,-2.40625,-12428,-25943,-32,0.03881045,-0.6557386,-0.2913608,-0.696301,-20.82782,-16.15626,13.85081
26.228,0.2253418,-0.2199707,0.1442871,17.2154,-26.13626,-10.31494,-6.408691,-40.71045,0.0007324219,1.941406,-3.1875,-0.5585938,-12428,-25943,-32,0.02697754,-0.6536865,-0.2935181,-0.6970825,-22.01572,-16.99461,14.82828
26.259,0.03979492,0.07739258,0.1477051,17.1636,-17.0235,32.4707,20.32471,-30.57861,0.0007324219,3.539063,-0.1210938,3.882813,-12428,-25943,-32,0.02688413,-0.6495227,-0.3010153,-0.6977523,-22.70098,-17.44677,15.4346
26.288,-0.1569824,0.05102539,-0.1589355,17.8475,-7.787604,34.36279,17.33398,-28.32031,0.0007324219,-1.578125,2.082031,0.5,-12428,-25943,-32,0.02685547,-0.6430054,-0.3140259,-0.6980591,-23.86394,-18.30748,16.36532
26.319,-0.04052734,0.06323242,-0.04956055,19.5263,8.380455,4.455566,2.441406,-12.75635,0.0007324219,-1.824219,-0.078125,-2.445313,-12428,-25943,-32,0.02629424,-0.6409123,-0.3189093,-0.6979805,-24.33526,-18.69131,16.70647
26.348,-0.3168945,0.4943848,-0.1787109,19.50976,17.66861,2.319336,-15.19775,-11.16943,0.0007324219,-2.679688,6.207031,-1.003906,-12428,-25943,-32,0.02526855,-0.6400757,-0.3209839,-0.6976318,-24.5988,-18.92525,16.87604
26.379,-0.0480957,0.1259766,0.04003906,19.3798,18.5486,12.20703,-15.31982,-3.90625,0.0007324219,-5.894531,7.617188,-3.445313,-9874.411,-26092.7,-32,0.0258515,-0.6409634,-0.3264801,-0.6946398,-24.93336,-19.51028,16.75014
26.409,-1.093506,-0.06567383,-0.7270508,19.9753,17.71048,149.353,-21.54541,-95.64209,0.0007324219,-0.5234375,-2.765625,-0.5117188,-4479,-26409,-32,0.02740479,-0.6434326,-0.333252,-0.6887207,-25.25461,-20.32129,16.2884
26.439,-2.566406,1.699951,-0.2353516,21.3147,17.58313,-19.04297,-104.4312,-164.2456,0.0007324219,-17.75,-34.34375,60.46094,-5882.799,-26431.02,-32.31302,0.01290059,-0.6523363,-0.3584333,-0.6661082,-28.33786,-24.68193,15.75936
26.469,0.3095703,-3.129639,0.8374023,27.45099,43.31779,40.34424,-120.9106,-25.93994,0.0007324219,11.30859,-50.26953,68.63281,-10512,-26439,-33,-0.01934814,-0.6688843,-0.4030762,-0.6243896,-34.95539,-32.8632,14.95319
26.499,-8,1.204346,1.095947,39.1673,117.1364,55.66406,50.10986,-172.9736,0.0007324219,-128,22.54297,-35.8125,-10512,-26439,-33,-0.03517869,-0.6780514,-0.4172534,-0.6043639,-37.81932,-36.24986,14.29194
26.529,0.7087402,-2.602539,2.288818,50.75084,210.0643,-40.16113,7.019043,30.63965,0.0007324219,29.26563,-56.64844,10.65625,-10512,-26439,-33,-0.04681396,-0.6851807,-0.4235229,-0.5908203,-39.65479,-38.37154,13.77792
26.559,1.620361,0.2497559,-0.1894531,64.312,306.3888,-13.24463,44.00635,35.64453,0.0007324219,-5.265625,-37.26172,11.22656,-10512,-26439,-33,-0.04288483,-0.6838722,-0.4292428,-0.591217,-39.7113,-38.45272,13.6787
26.589,1.746338,-1.656982,-0.5195313,76.3579,378.4596,58.77686,54.38232,19.83643,0.0007324219,40.33984,-15.35156,-10.91406,-10512,-26439,-33,-0.02874756,-0.6777344,-0.4326782,-0.5939941,-38.72884,-37.47214,13.26348
26.619,-1.789551,-0.3544922,-0.2033691,88.0595,407.7862,-5.432129,17.15088,-24.96338,0.0007324219,5.570313,-18.91016,-6.625,-12280.75,-26504.63,-33,-0.02554568,-0.6737613,-0.4349679,-0.59685,-38.55417,-37.2141,13.59075
26.649,-3.948242,-0.277832,0.3554688,91.17166,365.7082,-3.78418,-8.850098,15.74707,0.0007324219,-59.27344,-0.8828125,4.351563,-16172,-26649,-33,-0.02416992,-0.6696167,-0.4361572,-0.600769,-38.42831,-36.95347,14.14873
26.68,-0.2546387,-0.1953125,-0.4997559,92.4879,284.8772,-57.43408,-31.67725,50.65918,0.0007324219,-29.88672,-8.8125,1.132813,-16172,-26649,-33,-0.02668665,-0.674798,-0.4261855,-0.6019957,-37.84932,-36.38776,13.84593
26.709,0.7490234,-0.5070801,0.4785156,95.39015,196.407,-39.36768,-43.02979,23.86475,0.0007324219,14.73438,-9.855469,-2.582031,-16172,-26649,-33,-0.03265381,-0.6868286,-0.4053955,-0.602478,-36.77213,-35.40739,12.9876
26.74,-0.8862305,-0.2841797,0.8579102,99.1494,129.9169,-8.789063,-22.94922,-19.28711,0.0007324219,-2.503906,-6.273438,12.66797,-13733.15,-26688.77,-33,-0.03856883,-0.6913303,-0.4054965,-0.5995739,-37.33799,-36.04358,12.89067
26.769,-2.151855,0.08178711,0.3557129,102.9423,96.1745,9.70459,-11.41357,-14.34326,0.0007324219,-26.86719,0.1445313,6.167969,-8814,-26769,-33,-0.04516602,-0.6935425,-0.4061279,-0.5933838,-38.15705,-36.94683,12.80805
26.8,-1.116943,-0.4743652,0.4726563,107.4419,110.5889,30.09033,-0.1831055,-19.65332,0.0007324219,-29.12109,-7.058594,7.320313,-8814,-26769,-33,-0.04368715,-0.6931664,-0.4115838,-0.5892422,-38.58269,-37.46555,12.5003
26.829,0.121582,-0.4404297,0.4394531,113.2111,137.1024,34.36279,1.525879,-25.5127,0.0007324219,-2.378906,-7.855469,9.429688,-8814,-26769,-33,-0.03826904,-0.6911011,-0.421936,-0.5856934,-39.00106,-37.98399,12.11735
26.86,-0.3747559,-0.6762695,0.583252,120.8655,165.3175,35.21729,10.19287,-27.9541,0.0007324219,0.8398438,-8.140625,6.796875,-7169.315,-26808.77,-33,-0.03582294,-0.6875064,-0.4326858,-0.5823776,-39.6889,-38.71633,12.12079
26.889,-0.9404297,-0.8666992,0.3867188,127.4926,192.2375,34.60693,18.00537,-32.53174,0.0007324219,-12.41406,-12.03906,8.820313,-3852,-26889,-33,-0.03411865,-0.6821289,-0.444519,-0.5796509,-40.49897,-39.53426,12.38408
26.92,-1.112793,-1.014648,0.2102051,134.678,215.0645,26.00098,9.521484,-20.38574,0.0007324219,-16.69141,-16.00781,5.679688,-3944.662,-26910.97,-33.32125,-0.03120854,-0.6779525,-0.4532207,-0.5780706,-40.94028,-39.98873,12.47651
26.95,-0.3227539,-1.131836,0.05395508,138.1907,213.6547,29.72412,7.080078,-0.793457,0.0007324219,-11.48828,-15.69922,1.746094,-4558,-26920,-34,-0.02783203,-0.6741943,-0.4599609,-0.5772705,-41.17581,-40.23159,12.52417
26.98,-0.342041,-1.028076,0.1572266,140.0584,183.1877,15.74707,6.713867,-3.723145,0.0007324219,-4.1875,-18,1.226563,-4558,-26920,-34,-0.02545563,-0.6712589,-0.4649685,-0.5768848,-41.35462,-40.40997,12.59798
27.01,-0.3623047,-0.9753418,0.2468262,138.7837,124.2277,18.18848,16.90674,-11.84082,0.0007324219,-6.578125,-14.75781,2.597656,-4558,-26920,-34,-0.02349854,-0.6688843,-0.4685669,-0.5767212,-41.46089,-40.51309,12.66032
27.04,-0.4533691,-1.093506,0.5773926,134.9034,48.85115,7.507324,7.873535,4.02832,0.0007324219,-5.648438,-15.80469,5.398438,-4468.313,-26966.87,-34,-0.02222839,-0.6672415,-0.4700225,-0.5771828,-41.45118,-40.48879,12.74741
27.07,-1.042725,-1.014648,0.651123,128.2979,-40.98766,-9.643555,10.49805,11.47461,0.0007324219,-12.03906,-19.07813,10.90625,-4271,-27070,-34,-0.02142334,-0.6661377,-0.4706421,-0.5783081,-41.39288,-40.40577,12.87583
27.1,-1.063965,-1.458252,0.8674316,117.9588,-133.6393,-20.75195,21.30127,25.32959,0.0007324219,-17.0625,-18.15625,10.875,-4707.438,-27108.84,-34,-0.02072002,-0.6662712,-0.4647827,-0.5831314,-40.75792,-39.68159,13.1413
27.13,-1.397705,-1.751221,0.9050293,109.5523,-211.0578,-71.65527,25.57373,59.99756,0.0007324219,-19.50781,-24.9375,12.41797,-5725,-27130,-34,-0.02020264,-0.6671143,-0.4514771,-0.5922852,-39.47178,-38.20914,13.59851
27.16,-2.383301,-1.515869,0.7602539,101.1896,-261.2981,-100.8301,60.97412,72.20459,0.0007324219,-29.21094,-30.40234,13.94141,-7344.684,-27148.13,-34,-0.01941427,-0.6664505,-0.4266632,-0.6102403,-37.09406,-35.37325,14.58352
27.19,-2.088623,-0.2849121,0.901123,87.44492,-311.4512,-164.7949,91.36963,123.6572,0.0007324219,-38.05078,-19.29297,15.07422,-9762,-27160,-34,-0.01849365,-0.6647949,-0.3876953,-0.6383667,-33.45376,-30.81875,15.85592
27.221,-2.183105,1.796143,-0.215332,68.6648,-377.6259,-101.7456,138.916,139.6484,0.0007324219,-29.82422,4.933594,13.22656,-9762,-27160,-34,-0.007999134,-0.6607071,-0.3489077,-0.6644501,-29.23996,-25.59267,16.16007
27.25,-0.5234375,1.250488,-0.6682129,55.79087,-424.8602,-27.46582,-8.666992,37.8418,0.0007324219,-20.92188,34.52344,-17.22656,-9762,-27160,-34,0.01165771,-0.6542969,-0.3087769,-0.6903076,-24.43473,-19.57273,15.79511
27.281,-0.5019531,-0.07763672,0.5095215,43.7242,-458.5191,9.094238,-25.26855,32.34863,0.0007324219,-7.921875,2.292969,-0.6015625,-9762,-27160,-34,0.02224013,-0.657079,-0.3022536,-0.68939,-23.00686,-18.49268,14.6606
27.31,0.3027344,-0.2402344,-0.02539063,35.6645,-448.6251,49.68262,36.13281,56.15234,0.0007324219,-3.699219,-6.789063,8.710938,-9762,-27160,-34,0.02954102,-0.6647339,-0.2999878,-0.6836548,-22.10293,-18.34425,13.19727
27.341,-0.1376953,-0.02856445,-0.7502441,29.4102,-381.0983,38.69629,28.19824,51.51367,0.0007324219,1.074219,-0.5039063,-7.964844,-9762,-27160,-34,0.04472601,-0.6637078,-0.2988729,-0.684318,-20.77303,-17.19426,12.37431
27.37,-0.3566895,0.2878418,-0.09106445,26.11345,-286.5154,54.13818,17.57813,5.432129,0.0007324219,-3.0625,3.4375,-7.71875,-9762,-27160,-34,0.06335449,-0.6596069,-0.2984619,-0.6869507,-19.26875,-15.67802,11.77195
27.401,0.314209,-0.4916992,0.1308594,24.3944,-205.2238,92.46826,55.60303,-9.216309,0.0007324219,-1.484375,-5.597656,2.621094,-9762,-27160,-34,0.08072908,-0.6506579,-0.3087215,-0.6887013,-18.81853,-14.98078,11.91617
27.43,0.2033691,-0.07006836,-0.1682129,23.07829,-134.0046,71.47217,57.12891,-3.967285,0.0007324219,6.792969,-3.496094,-0.3710938,-9762,-27160,-34,0.09692383,-0.6366577,-0.3297119,-0.6903687,-19.45085,-15.10193,12.83322
27.461,-0.1367188,-0.03515625,0.03198242,22.2609,-83.34989,40.71045,32.83691,-8.728027,0.0007324219,-0.3476563,0.6210938,-3.03125,-9762,-27160,-34,0.1077153,-0.6274944,-0.3396056,-0.6924798,-19.60707,-14.84214,13.39037
27.491,0.1630859,-0.2250977,0.2263184,22.27455,-46.06157,28.01514,24.04785,-1.281738,0.0007324219,0.3085938,-2.625,2.597656,-9762,-27160,-34,0.1147461,-0.6201782,-0.3459473,-0.6947632,-19.78105,-14.60484,13.92248
27.521,0.07104492,0.01782227,0.04516602,22.3701,-24.52819,-2.563477,10.00977,5.92041,0.0007324219,2.398438,-2.519531,2.933594,-9762,-27160,-34,0.1186939,-0.6174395,-0.3463543,-0.6960827,-19.61407,-14.24689,14.0387
27.551,-0.2419434,0.3288574,-0.3078613,22.21621,-12.33146,11.23047,8.850098,2.502441,0.0007324219,-0.9960938,4.449219,-0.4140625,-9762,-27160,-34,0.1204834,-0.616272,-0.3464966,-0.6969604,-19.53894,-14.07,14.10389
27.581,-0.2355957,0.3813477,-0.3464355,21.8558,-5.84875,16.90674,-5.79834,-12.45117,0.0007324219,-4.175781,5.609375,-5.988281,-9762,-27160,-34,0.1224456,-0.6149896,-0.3502287,-0.6957054,-19.67929,-14.26766,14.11611
27.611,-0.09082031,0.08520508,0.04614258,22.04713,-2.36097,44.00635,-18.31055,-25.75684,0.0007324219,-2.65625,3.625,-1.699219,-9762,-27160,-34,0.1239014,-0.6140747,-0.3579102,-0.6925049,-20.09991,-14.91618,14.08547
27.641,-0.03393555,-0.2236328,-0.002685547,22.5709,0.1451607,34.79004,-32.77588,-25.5127,0.0007324219,-0.484375,-3.722656,-0.2929688,-9762,-27160,-34,0.1216736,-0.6142235,-0.37286,-0.6848244,-21.26284,-16.63173,14.00343
27.671,0.03588867,-0.5744629,2.499756,24.14269,9.636547,135.7422,-103.3936,-165.4053,0.0007324219,-3.316406,6.792969,-23.96875,-9762,-27160,-34,0.1160889,-0.6149902,-0.3964233,-0.6717529,-23.33592,-19.52235,13.80813
27.701,-2.966309,-0.2419434,3.229736,26.9656,29.64898,146.1182,-67.07764,-98.02246,0.0007324219,-87.15234,-18.28906,-23.51172,-13683.56,-27324.38,-34,0.09647352,-0.6251118,-0.423015,-0.6470499,-26.79298,-24.29492,12.75418
27.731,-1.740234,-2.680176,1.205566,35.03037,78.28579,-29.11377,-115.5396,-40.71045,0.0007324219,-18.51953,-33.67969,19.80469,-22311,-27686,-34,0.06036377,-0.6464844,-0.4552002,-0.609314,-32.57031,-31.37873,10.75676
27.763,-4.496338,-0.9086914,0.6499023,50.1649,171.4208,24.90234,-24.84131,-78.91846,0.0007324219,-62.81641,-24.64453,19.84766,-22311,-27686,-34,0.05149727,-0.6465321,-0.4675477,-0.6004031,-34.43901,-33.38123,10.74984
27.791,-0.2995605,-1.710205,0.3586426,60.64909,262.0287,8.728027,26.42822,26.18408,0.0007324219,-31.55078,-25.59766,10.20703,-22311,-27686,-34,0.04840088,-0.6465454,-0.4721069,-0.5973511,-35.10823,-34.0939,10.75192
27.822,2.002441,-0.8039551,0.07568359,72.2618,337.626,3.295898,21.91162,22.27783,0.0007324219,17.21484,-6.621094,1.617188,-22311,-27686,-34,0.04688453,-0.6457199,-0.4716524,-0.5984001,-35.1869,-34.12578,11.00954
27.851,0.3632813,-0.6652832,0.6350098,83.47272,385.151,-19.71436,-20.56885,-8.422852,0.0007324219,25.66016,-14.92969,6.910156,-22311,-27686,-34,0.04632568,-0.644043,-0.468811,-0.6028442,-34.93178,-33.742,11.53037
27.882,-1.568115,-0.3730469,0.2878418,95.7145,395.332,-9.521484,-28.9917,4.577637,0.0007324219,-13.15234,-6.527344,8.621094,-17207.03,-27748.96,-34.32125,0.04232699,-0.647527,-0.465302,-0.6015744,-35.02653,-33.87722,11.37666
27.912,-0.6469727,-0.7458496,0.5161133,100.2166,350.0713,-37.29248,-21.42334,23.92578,0.0007324219,-17.91406,-9.683594,4.621094,-6423,-27882,-35,0.03564453,-0.6553955,-0.4603882,-0.5977783,-35.28456,-34.26662,10.82711
27.942,-0.3918457,-0.5812988,0.6906738,102.1835,287.7381,-38.87939,-7.69043,6.103516,0.0007324219,-6.253906,-11.19922,10.33984,-6423,-27882,-35,0.03016376,-0.6586752,-0.4549995,-0.5985964,-35.32113,-34.28041,10.95304
27.971,-0.8088379,-0.5244141,0.6821289,102.8443,204.0907,-14.95361,6.774902,8.300781,0.0007324219,-7.636719,-8.519531,11.4375,-6423,-27882,-35,0.02471924,-0.6607056,-0.4489136,-0.6012573,-35.25835,-34.13765,11.32085
28.002,-1.421143,-0.5805664,0.5163574,103.1273,115.9912,5.615234,19.83643,16.29639,0.0007324219,-18.38672,-8.246094,9.613281,-6304.657,-27924.98,-35,0.02761126,-0.6600226,-0.4460308,-0.6039593,-34.73459,-33.56994,11.34845
28.032,-1.238281,-0.5878906,0.2697754,101.7598,37.68375,6.774902,37.71973,9.58252,0.0007324219,-23.64844,-10.14453,6.488281,-6054,-28016,-35,0.03601074,-0.6574707,-0.4447021,-0.6072388,-33.8541,-32.65479,11.20823
28.064,-0.6955566,-0.5878906,0.2304688,98.2649,-10.50151,6.103516,40.22217,6.04248,0.0007324219,-14.16016,-8.992188,4.40625,-6054,-28016,-35,0.04250511,-0.653049,-0.4435769,-0.612539,-33.11875,-31.78419,11.5296
28.092,-0.7663574,-0.5234375,0.06689453,95.83715,-44.27803,1.525879,26.79443,9.033203,0.0007324219,-9.707031,-8.253906,2.433594,-6054,-28016,-35,0.04852295,-0.6470947,-0.4430542,-0.6186523,-32.48267,-30.94532,12.08499
28.122,-0.885498,-0.4094238,-0.1037598,93.0656,-70.1135,-1.159668,24.41406,2.563477,0.0007324219,-13.99219,-7.558594,-0.1992188,-6054,-28016,-35,0.052055,-0.6429147,-0.4419423,-0.6235443,-32.04426,-30.3262,12.55795
28.152,-0.9399414,-0.2297363,-0.3286133,90.12164,-89.24859,-1.586914,14.34326,-6.04248,0.0007324219,-14.6875,-4.136719,-3.585938,-6054,-28016,-35,0.05419922,-0.6393433,-0.4406128,-0.6279297,-31.72583,-29.82564,13.02853
28.182,-0.6960449,-0.2062988,-0.2458496,86.9984,-96.78571,-18.55469,-18.37158,-4.150391,0.0007324219,-14.69141,-2.464844,-5.75,-6054,-28016,-35,0.05026882,-0.6408326,-0.4385425,-0.6276683,-31.89782,-29.99081,13.11554
28.213,-0.2348633,-0.05273438,-0.02807617,84.99017,-91.6863,-33.99658,-67.56592,-14.5874,0.0007324219,-8.097656,-2.402344,-2.144531,-6054,-28016,-35,0.04003906,-0.645874,-0.4356689,-0.6257324,-32.53237,-30.67536,13.20024
28.242,-0.496582,0.1079102,-0.2287598,83.6821,-83.70757,-22.09473,-59.08203,2.990723,0.0007324219,-2.417969,-0.2851563,-0.9023438,-6820.191,-28093.84,-35,0.03291437,-0.6517536,-0.4363266,-0.6200568,-33.2411,-31.58631,12.78437
28.272,-2.093262,-0.479248,-0.2766113,84.53462,-60.95798,19.65332,-25.26855,-41.50391,0.0007324219,-21.26953,-12.09766,8.65625,-8574,-28272,-35,0.02526855,-0.6602783,-0.4387817,-0.6090698,-34.26909,-32.96467,11.80262
28.303,-0.6589355,-1.889648,0.9111328,87.1873,-22.10864,2.075195,-33.44727,0.2441406,0.0007324219,-10.76953,-27.35938,10.15625,-8574,-28272,-35.33091,0.02150141,-0.6632801,-0.4413341,-0.6037941,-34.89957,-33.72629,11.44403
28.332,-0.9597168,-1.919434,0.9338379,88.11561,12.4301,-15.56396,-4.150391,19.04297,0.0007324219,-14.35938,-28.81641,11.56641,-8574,-28272,-36,0.01977539,-0.6644897,-0.444397,-0.6005859,-35.34963,-34.24916,11.25493
28.363,-1.172607,-2.259521,1.366943,88.73019,33.08225,-61.21826,14.28223,57.43408,0.0007324219,-14.74219,-34.40234,18.70313,-7467.268,-28311.77,-36,0.01752479,-0.6667609,-0.4325805,-0.6069372,-34.49092,-33.25843,11.56962
28.392,-1.278076,-2.140869,1.829102,86.78799,27.73783,-107.3608,71.83838,90.94238,0.0007324219,-19.28906,-33.44922,24.77344,-5235,-28392,-36,0.01574707,-0.6689453,-0.4076538,-0.6213989,-32.41829,-30.84075,12.20697
28.423,-2.592773,-1.634277,1.762939,81.6202,-14.41038,-147.0947,134.5215,124.8169,0.0007324219,-28.19531,-33.54297,29.86328,-7078.601,-28423.47,-36,0.02238579,-0.6626983,-0.3650853,-0.6512029,-28.10646,-25.51809,13.47111
28.452,-1.591309,0.008056641,0.1975098,71.14274,-96.99088,-219.9707,212.8906,214.2944,0.0007324219,-44.71484,-21.90234,19.35938,-11447,-28439,-36,0.03656006,-0.649231,-0.3060303,-0.6954346,-22.29239,-17.33029,14.89082
28.483,-1.033691,5.276367,-0.394043,52.5005,-224.2012,-167.3584,-79.3457,-6.835938,0.0007324219,-27.63672,53.41406,-59.82813,-9797.991,-28467.5,-36,0.02787602,-0.6530651,-0.2649986,-0.7057917,-19.82477,-14.21151,14.39028
28.513,-0.3991699,0.4196777,-0.2243652,35.50858,-361.1895,64.27002,-71.22803,-121.1548,0.0007324219,-19.74609,23.20703,-8.648438,-5055,-28498,-36,0.005310059,-0.6651611,-0.2319336,-0.7098389,-18.79939,-13.22,13.84023
28.543,0.583252,-0.1394043,1.04248,16.7834,-480.0697,172.8516,8.605957,-96.98486,0.0007324219,-1.777344,3.105469,7.125,-5055,-28498,-36,0.009422908,-0.6634194,-0.2530168,-0.7031324,-20.11552,-14.90446,14.12225
28.573,0.5429688,-1.46875,0.0390625,16.73453,-479.3247,141.8457,60.54688,0.4272461,0.0007324219,9.542969,-13.62109,11.86328,-5055,-28498,-36,0.02453613,-0.6564941,-0.3137207,-0.6856079,-23.71886,-19.42846,14.68026
28.603,0.08154297,-0.1130371,-0.4169922,16.7182,-377.869,-84.10645,-9.155273,51.75781,0.0007324219,8.75,-19.83594,-6.703125,-5055,-28498,-36,0.02391052,-0.6579552,-0.3092384,-0.6865234,-23.39254,-19.10511,14.52761
28.633,-0.4226074,0.9980469,-0.2839355,16.61206,-224.6307,-82.39746,-34.36279,22.52197,0.0007324219,-5.136719,11.46484,-5.371094,-5055,-28498,-36,0.01953125,-0.6629028,-0.28302,-0.6929321,-21.61543,-17.13311,13.97934
28.663,-0.03222656,0.2145996,0.005371094,16.42656,-91.37184,30.09033,-6.835938,-17.8833,0.0007324219,-3.933594,10.22266,-2.621094,-5055,-28498,-36,0.01967621,-0.663304,-0.2843437,-0.691864,-21.7008,-17.29595,13.91848
28.693,0.1018066,-0.3962402,-0.02026367,16.52363,-2.217996,47.11914,9.033203,-27.34375,0.0007324219,1.121094,-2.625,-0.203125,-5055,-28498,-36,0.02069092,-0.6634521,-0.293396,-0.6880493,-22.32657,-18.1425,13.90422
28.723,0.2194824,-0.4375,0.008300781,16.802,-0.4112987,11.2915,18.12744,-7.263184,0.0007324219,1.664063,-6.945313,0.890625,-5055,-28498,-36,0.02208804,-0.6609879,-0.2976721,-0.6890221,-22.58284,-18.2648,14.20286
28.753,0.1235352,-0.1054688,-0.07543945,17.02271,2.085173,-6.958008,21.3623,15.93018,0.0007324219,3.667969,-4.699219,-0.2070313,-5055,-28498,-36,0.02423096,-0.6554565,-0.3013916,-0.6921387,-22.80276,-18.10429,14.80591
28.784,-0.06640625,0.190918,-0.1794434,17.2731,5.09888,-18.24951,13.30566,20.01953,0.0007324219,0.4375,1.101563,-2.382813,-5055,-28498,-36,0.02620237,-0.6536422,-0.2977602,-0.6955519,-22.40253,-17.45951,14.92054
28.813,-0.1396484,0.2702637,-0.2468262,16.94047,4.799107,-10.49805,10.74219,9.460449,0.0007324219,-1.457031,4.140625,-2.808594,-5055,-28498,-36,0.02813721,-0.6528931,-0.2888794,-0.699707,-21.5918,-16.39204,14.82908
28.844,-0.1171875,0.1865234,-0.2636719,16.0493,-1.619581,-6.958008,1.831055,-11.53564,0.0007324219,-1.917969,3.34375,-4.09375,-5055,-28498,-36,0.02646731,-0.6514501,-0.2890393,-0.7013938,-21.78187,-16.3807,15.14681
28.873,-0.1787109,0.2165527,-0.2561035,16.18765,-6.006545,5.310059,-8.605957,-34.91211,0.0007324219,-2.082031,2.453125,-4.484375,-5055,-28498,-36,0.02233887,-0.6500244,-0.2900391,-0.7020874,-22.23615,-16.64738,15.57869
28.904,-0.07421875,0.05493164,0.111084,16.7712,-5.119756,38.08594,-14.89258,-46.93604,0.0007324219,-2.234375,2.320313,-0.1523438,-4762.987,-28637.21,-36.33146,0.01740715,-0.6483299,-0.3082514,-0.695221,-24.05948,-18.74363,16.18065
28.933,1.159912,-0.1323242,8,19.04379,8.059282,88.43994,-104.9194,-213.1348,0.0007324219,-16.30469,13.42969,-20.91797,-4174,-28918,-37,0.01135254,-0.6466064,-0.3439331,-0.6809082,-27.34823,-22.73019,16.87334
28.964,-0.1882324,-2.920166,4.850098,23.7794,41.57678,185.4248,-41.07666,-25.45166,0.0007324219,-62.27344,-7.988281,4.90625,-8017.74,-28941.24,-37.51667,-0.008306229,-0.6609923,-0.3675473,-0.6519711,-30.87968,-27.76312,15.83956
28.993,-8,-3.129395,-4.423828,30.68269,93.76906,106.2622,-280.5786,-170.5322,0.0007324219,-7.890625,-46.13281,6.695313,-15942,-28949,-38,-0.03924561,-0.6906738,-0.387207,-0.6096191,-35.74806,-34.19885,13.35521
29.024,0.9594727,-2.696045,-0.4523926,41.4214,163.9751,23.68164,-59.87549,26.85547,0.0007324219,-53.21875,7.808594,30.16406,-15637.77,-28975.37,-38.51028,-0.0459763,-0.691089,-0.3900042,-0.6068391,-36.59806,-35.03936,13.7357
29.054,1.490234,-2.024902,0.8041992,56.72115,260.5642,-32.89795,-25.20752,25.57373,0.0007324219,41.96875,-34.05078,21.57813,-13624,-29009,-39,-0.04858398,-0.6912231,-0.3909912,-0.605896,-36.91573,-35.34979,13.896
29.084,0.5856934,-0.3896484,0.7392578,77.3836,379.8947,9.155273,15.25879,17.21191,0.0007324219,4.777344,-7.421875,8.871094,-11126.35,-29054.98,-39,-0.04791149,-0.6922685,-0.3897508,-0.605896,-36.7647,-35.22494,13.72707
29.114,-1.813721,-0.5537109,1.031006,86.63818,446.1592,16.8457,22.2168,24.84131,0.0007324219,-5.023438,-11.02344,14.84766,-7429,-29114,-39,-0.0446167,-0.6940918,-0.3862915,-0.605896,-36.2392,-34.76918,13.22852
29.144,-1.782959,0.2050781,0.2280273,91.6389,437.0718,34.97314,92.16309,13.97705,0.0007324219,-63.79297,-3.644531,7.226563,-9823.687,-29124.78,-39.3125,-0.0328374,-0.6891022,-0.3877144,-0.6110649,-35.21592,-33.68315,13.0817
29.174,0.2675781,-0.8813477,-0.2849121,93.7888,357.9475,47.54639,59.93652,6.835938,0.0007324219,4.3125,-7.027344,-4.503906,-16331,-29129,-40,-0.01055908,-0.6775513,-0.3917847,-0.6224365,-33.37375,-31.61483,13.19839
29.204,-0.3955078,-0.5390625,-0.05786133,94.6841,232.4106,16.29639,20.87402,0.4272461,0.0007324219,0.6445313,-10.16797,-2.582031,-13879.88,-29166.03,-40,-0.004659455,-0.6727757,-0.3941827,-0.6262455,-32.98701,-31.1017,13.46931
29.234,-1.637451,-0.4294434,0.009033203,95.81884,112.8228,-7.873535,5.187988,1.403809,0.0007324219,-23.04297,-9.40625,0.5742188,-6707,-29234,-40,-0.00213623,-0.6697998,-0.3963623,-0.6279907,-32.91593,-30.95136,13.69498
29.264,-0.3657227,-0.6311035,0.3720703,96.7238,60.82213,-4.150391,4.272461,7.202148,0.0007324219,-10.46484,-6.84375,2.898438,-4849.467,-29268.86,-40.3125,-0.001865387,-0.6687594,-0.3959618,-0.6297329,-32.82766,-30.7937,13.876
29.294,-0.9855957,-0.5014648,0.4599609,97.6671,38.17215,0.793457,8.911133,-5.493164,0.0007324219,-11.1875,-8.894531,7.09375,-4037,-29294,-41,-0.00177002,-0.668335,-0.394165,-0.6309204,-32.66383,-30.58388,13.94997
29.325,-0.8400879,-0.5678711,0.3122559,98.5901,32.09172,6.835938,18.06641,-3.295898,0.0007324219,-17.18359,-7.550781,6.511719,-4086.928,-29304.77,-41.51667,-0.0003301479,-0.665953,-0.3952371,-0.6328541,-32.59875,-30.42663,14.19788
29.354,-0.755127,-0.6506348,0.1374512,99.04214,29.49411,7.385254,17.39502,-4.882813,0.0007324219,-11.42578,-10.33984,3.445313,-4399,-29309,-42,0.002258301,-0.6622925,-0.3978271,-0.6349487,-32.56435,-30.27915,14.50967
29.385,-0.8862305,-0.6279297,0.03833008,99.3014,23.94897,3.356934,16.29639,-7.385254,0.0007324219,-12.9375,-9.847656,1.324219,-4167.464,-29338.18,-42,0.002877076,-0.6587223,-0.3992517,-0.6377496,-32.59971,-30.14919,14.98282
29.414,-0.8574219,-0.3527832,-0.1635742,98.30832,12.68144,-5.981445,10.80322,-8.178711,0.0007324219,-13.85547,-7.386719,-0.90625,-3630,-29385,-42,0.003112793,-0.6550903,-0.4003296,-0.6408691,-32.64414,-30.0041,15.50306
29.445,-0.7570801,-0.3637695,-0.1826172,95.7771,-9.545548,-5.981445,-5.126953,-7.93457,0.0007324219,-12.27734,-5.1875,-3.339844,-3647.792,-29429.3,-42,0.001165101,-0.6545453,-0.4002875,-0.6415412,-32.79966,-30.09659,15.73453
29.474,-0.9177246,-0.1665039,-0.1191406,94.33823,-30.63072,-6.774902,-17.63916,-12.81738,0.0007324219,-12.57422,-3.375,-3.996094,-3759,-29474,-42,-0.002929687,-0.6543579,-0.4000244,-0.6417847,-33.12439,-30.35166,16.05965
29.505,-0.8110352,-0.07324219,-0.002441406,92.9759,-45.33004,-22.64404,-43.33496,-21.1792,0.0007324219,-14.11719,-1.648438,-0.96875,-3694.402,-29508.28,-42,-0.0107387,-0.6570418,-0.4003486,-0.6386675,-33.83251,-31.12917,16.21021
29.534,-0.8640137,-0.04272461,0.2658691,92.46152,-49.36052,5.554199,-36.86523,-34.66797,0.0007324219,-11.91016,-0.9335938,2.144531,-3539,-29534,-42,-0.02197266,-0.6625977,-0.401062,-0.6322021,-34.90254,-32.39499,16.17809
29.565,-0.5617676,-0.6486816,0.2165527,92.2173,-39.67627,51.14746,-17.02881,-41.80908,0.0007324219,-14.80859,-3.398438,3.753906,-3605.632,-29545.32,-42,-0.02349756,-0.6625256,-0.4104964,-0.6241128,-35.93326,-33.66952,15.9358
29.595,-0.6069336,-1.40918,0.1870117,93.12945,-19.07269,62.19482,-19.83643,-31.73828,0.0007324219,-3.886719,-17.97266,4.6875,-3791,-29550,-42,-0.02404785,-0.6620483,-0.4294434,-0.6138306,-37.62337,-35.6816,15.64353
29.625,-1.037598,-2.180664,0.3881836,95.2879,4.674764,45.41016,-1.647949,-13.48877,0.0007324219,-14.21094,-32.00781,5.351563,-4074.269,-29582.5,-42,-0.02258865,-0.661539,-0.4384654,-0.6081469,-38.31355,-36.54801,15.30107
29.655,-1.03833,-2.512695,0.6433105,93.99004,13.75005,-14.03809,-2.807617,43.64014,0.0007324219,-17.57813,-37.26172,8.628906,-4500,-29640,-42,-0.01898193,-0.6608276,-0.4448242,-0.604248,-38.58435,-36.95611,14.87164
29.685,-0.9121094,-2.393066,1.471924,90.50957,-2.124092,-85.02197,18.61572,92.46826,0.0007324219,-16.66016,-39.74609,14.60938,-5054.591,-29679.29,-42,-0.01909637,-0.6639175,-0.4286194,-0.6118507,-37.18554,-35.38525,14.92516
29.715,-1.408447,-2.062012,2.281006,85.86318,-38.97914,-141.8457,77.57568,126.4648,0.0007324219,-15.71094,-38.01563,31.20313,-5769,-29715,-42,-0.01989746,-0.6709595,-0.3898926,-0.6304932,-33.85449,-31.60097,14.96979
29.745,-2.541504,-0.9421387,1.374756,79.28339,-96.17611,-171.9971,179.8096,169.7998,0.0007324219,-34.57031,-25.65234,35.53125,-7547.755,-29734.42,-42,-0.01020813,-0.663353,-0.3403438,-0.6633378,-28.76285,-25.19187,15.79647
29.775,-1.921875,1.657715,-3.4646,66.93627,-181.4519,-210.6323,144.8364,194.8853,0.0007324219,-26.35938,-10.67969,12.72656,-10410,-29745,-42,0.0112915,-0.6445923,-0.2722778,-0.7143555,-22.02443,-15.09559,16.77609
29.805,-0.8466797,2.611328,0.322998,47.97253,-292.7498,-89.11133,-116.8823,-75.07324,0.0007324219,-26.47266,94.03516,-16.69531,-10410,-29745,-42,0.00271225,-0.6474457,-0.2662329,-0.7130585,-22.15866,-15.29962,16.78808
29.835,-0.03344727,-0.3286133,0.7043457,34.36354,-387.3802,113.2813,-71.47217,-162.4756,0.0007324219,-6.347656,15.92188,-8.871094,-10410,-29745,-42,-0.0223999,-0.6589966,-0.2640381,-0.7039795,-23.6609,-17.52945,16.89152
29.866,0.7819824,-0.8000488,0.9223633,21.7381,-449.6317,149.1089,10.74219,-77.57568,0.0007324219,4.929688,-6.628906,10.54688,-10410,-29745,-42,-0.01840309,-0.6561832,-0.2882686,-0.6945,-25.29313,-19.67679,17.16686
29.895,0.6467285,-1.468994,-0.09350586,21.11699,-418.1617,46.44775,42.23633,30.09033,0.0007324219,8.878906,-17.44141,6.371094,-10410,-29745,-42,-0.00378418,-0.6477051,-0.3387451,-0.6824951,-28.1794,-23.25462,17.73995
29.926,-0.04467773,0.177002,-0.2524414,20.8811,-306.3399,-162.7808,-28.93066,80.68848,0.0007324219,5.539063,-11.97266,-5.195313,-10410,-29745,-42,-0.01014945,-0.6529042,-0.3200568,-0.6856408,-27.15516,-22.10973,17.38812
29.955,-0.3498535,1.092529,-0.1665039,19.56405,-174.5112,-138.4888,-50.41504,62.80518,0.0007324219,-3.828125,13.01953,-2.503906,-10410,-29745,-42,-0.02661133,-0.6655884,-0.2678223,-0.696167,-24.16337,-18.73657,16.36527
29.986,-0.1694336,0.5183105,-0.2817383,17.1873,-88.19919,13.3667,-15.625,27.16064,0.0007324219,-4.820313,15.41797,-4.332031,-10410,-29745,-42,-0.02482684,-0.6711046,-0.2599307,-0.6955946,-23.29077,-18.21201,15.51441
30.015,-0.2011719,-0.08691406,-0.2307129,16.236,-38.80886,64.45313,9.82666,-6.958008,0.0007324219,-2.167969,1.285156,-4.203125,-10410,-29745,-42,-0.01678467,-0.6744385,-0.2570801,-0.6920166,-22.37705,-17.81272,14.43497
30.046,-0.004150391,-0.300293,-0.04736328,15.6586,-41.38846,52.00195,21.97266,-10.49805,0.0007324219,-1.65625,-3.332031,-1.867188,-10410,-29745,-42,-0.009388216,-0.6721716,-0.2631061,-0.6921047,-22.27734,-17.74189,14.35157
30.076,0.1052246,-0.2041016,-0.02734375,15.72609,-36.51535,27.46582,20.50781,2.441406,0.0007324219,1.261719,-4.925781,-0.2617188,-10410,-29745,-42,-0.0004882813,-0.6655884,-0.2780151,-0.692688,-22.82254,-18.10758,14.83628
30.106,0.04418945,0.1169434,0.009765625,16.1803,-20.74398,16.47949,16.23535,5.493164,0.0007324219,2.078125,-0.9257813,-0.859375,-10410,-29745,-42,0.00598586,-0.6622906,-0.2816031,-0.6939569,-22.63176,-17.81317,14.8769
30.136,-0.0222168,0.1240234,-0.06030273,16.34458,-4.085149,28.56445,22.70508,6.469727,0.0007324219,0.1484375,1.355469,-0.703125,-10410,-29745,-42,0.01153564,-0.6596069,-0.2831421,-0.696167,-22.34736,-17.38261,14.92037
30.166,-0.0769043,0.004638672,-0.2460938,16.457,3.403709,39.24561,33.69141,4.882813,0.0007324219,-1.136719,0.9882813,-2.847656,-10410,-29745,-42,0.02044248,-0.654477,-0.2879548,-0.6987824,-22.10859,-16.90613,15.08436
30.196,-0.2099609,0.3432617,-0.2734375,16.60972,6.773899,43.70117,34.17969,-0.6103516,0.0007324219,-2.710938,2.300781,-5.859375,-10410,-29745,-42,0.03161621,-0.647583,-0.2946777,-0.7020874,-21.8999,-16.3544,15.36283
30.226,-1.08252,1.588135,-3.351074,16.77241,6.316484,259.5825,5.432129,-148.0713,0.0007324219,-4.117188,6.867188,-0.4101563,-15439.69,-29904.69,-42,0.02453613,-0.6495781,-0.3211654,-0.6886673,-24.42825,-19.68796,15.63083
30.256,-6.470947,2.835449,-1.943604,18.36997,11.79484,221.6187,-79.22363,-185.0586,0.0007324219,-46.40234,-28.09375,-1.386719,-26505,-30256,-42,0.004943848,-0.6563721,-0.3691406,-0.657959,-29.84656,-26.56848,15.71362
30.286,-3.960693,-1.114014,0.998291,21.73511,31.28978,77.27051,-116.7603,-84.10645,0.0007324219,-20.03516,-74.44922,79.1875,-30514.62,-30288.84,-42,0.005187988,-0.6594333,-0.4001119,-0.6367684,-32.47875,-30.11012,14.70689
30.316,0.6733398,-2.057617,1.952393,30.99676,85.40242,41.80908,12.81738,-4.02832,0.0007324219,-127.2891,-21.59375,2.679688,-32586,-30301,-42,0.006896973,-0.6617432,-0.4272461,-0.6161499,-34.78974,-33.13112,13.39465
30.346,0.6811523,-2.153076,0.5187988,47.74117,192.0909,24.4751,-16.35742,-15.19775,0.0007324219,18.90625,-30.59375,-2.007813,-32586,-30301,-42,0.002632141,-0.6624794,-0.4343024,-0.6104328,-35.8085,-34.27058,13.33428
30.376,-0.6149902,0.1835938,-0.06347656,60.14816,299.2895,-14.52637,-11.90186,-0.1220703,0.0007324219,-10.46094,-19.28516,5.015625,-32586,-30301,-42,-0.007141113,-0.6627808,-0.4371338,-0.6080933,-36.90162,-35.32568,13.93067
30.407,0.6125488,-1.100586,0.3725586,72.4507,381.5116,14.28223,25.57373,6.958008,0.0007324219,9.621094,-16.83984,4.113281,-32586,-30301,-42,-0.005497693,-0.6616743,-0.4385951,-0.6084216,-36.86772,-35.28521,13.94308
30.436,-0.7277832,-0.3227539,0.2226563,80.9869,411.3119,-14.4043,-7.568359,23.68164,0.0007324219,-4.585938,-9.859375,5.082031,-32586,-30301,-42,0.0005493164,-0.6592407,-0.4391479,-0.6104736,-36.3629,-34.75287,13.84368
30.467,-1.766602,-0.5146484,0.4379883,88.1366,376.607,-24.04785,-34.05762,40.46631,0.0007324219,-17.76953,-7.105469,4.507813,-24183.59,-30356.02,-42,0.001699983,-0.6637665,-0.4332087,-0.6096966,-35.81854,-34.30911,13.22403
30.496,-1.232422,-0.2993164,0.6748047,91.26955,295.0939,-9.94873,6.958008,14.34326,0.0007324219,-28.06641,-6.207031,9.65625,-7236,-30467,-42,0.00213623,-0.673584,-0.4208374,-0.607666,-34.87926,-33.57474,12.01899
30.527,0.02612305,-0.3691406,0.5117188,92.7844,215.4023,3.601074,20.62988,13.79395,0.0007324219,-10.32813,-2.597656,8.6875,-7236,-30467,-42,0.004936963,-0.6733917,-0.4192276,-0.6084636,-34.50743,-33.20965,11.85815
30.557,-0.8356934,-0.5966797,0.1342773,95.46981,145.8294,15.13672,7.751465,9.277344,0.0007324219,-4.015625,-7.492188,2.78125,-7236,-30467,-42,0.009521484,-0.6721191,-0.4186401,-0.6107178,-34.01779,-32.69632,11.7862
30.588,-1.244385,-0.7219238,0.01171875,98.5137,104.7501,3.845215,17.76123,-3.662109,0.0007324219,-25.05078,-12.04688,1.296875,-6962.773,-30501.86,-42.33199,0.01168149,-0.6704544,-0.4183299,-0.6128674,-33.76096,-32.38394,11.92356
30.617,-0.5097656,-0.6711426,0.03637695,100.7358,82.75507,-11.59668,3.967285,5.615234,0.0007324219,-10.05078,-10.27734,-0.4453125,-6413,-30572,-43,0.01293945,-0.6681519,-0.4182129,-0.6152954,-33.59456,-32.1317,12.20325
30.647,-1.030762,-0.373291,-0.05175781,102.7258,79.70994,-21.72852,-7.568359,4.272461,0.0007324219,-13.14844,-8.050781,0.01171875,-5527.307,-30612.94,-43,0.0115509,-0.6687241,-0.4155097,-0.616894,-33.46539,-31.95671,12.33181
30.677,-0.644043,-0.3061523,0.2502441,104.2697,77.64748,-8.789063,-7.873535,5.187988,0.0007324219,-12.52734,-2.878906,-0.3046875,-4222,-30647,-43,0.0078125,-0.6707764,-0.4099731,-0.618103,-33.33061,-31.78321,12.42771
30.707,-0.7626953,0.007568359,0.2236328,105.467,66.15084,-0.2441406,-11.96289,-10.00977,0.0007324219,-13.83594,-0.7460938,5.4375,-4222,-30647,-43,0.006002527,-0.6719822,-0.4107478,-0.6166349,-33.57015,-32.06234,12.36664
30.738,-0.8613281,-0.2966309,0.2998047,106.9524,55.11973,18.98193,-13.67188,-23.62061,0.0007324219,-10.07813,-2.089844,5.8125,-4222,-30647,-43,0.004577637,-0.6731567,-0.4142456,-0.6126709,-34.05144,-32.64641,12.13967
30.767,-0.7126465,-0.6682129,0.2011719,108.4197,49.65899,23.62061,-14.95361,-30.70068,0.0007324219,-13.09375,-7.078125,3.214844,-4222,-30647,-43,0.001743474,-0.6726834,-0.4207313,-0.6083921,-34.88967,-33.54908,12.17641
30.797,-0.8479004,-0.9223633,0.1704102,110.3285,49.4157,16.29639,-20.26367,-33.02002,0.0007324219,-12.80859,-13.57813,2.542969,-4222,-30647,-43,-0.002319336,-0.6711426,-0.4319458,-0.6025391,-36.22325,-34.95579,12.34423
30.827,-0.7724609,-1.026611,0.2207031,112.574,54.8663,17.45605,-16.54053,-25.02441,0.0007324219,-11.60938,-15.60156,3.007813,-4222,-30647,-43,-0.005759528,-0.6701084,-0.4393606,-0.5983172,-37.18063,-35.96086,12.47997
30.857,-0.8513184,-1.369141,0.3105469,111.8912,48.59842,9.58252,-5.79834,-9.70459,0.0007324219,-12.60156,-19.14063,3.667969,-4222,-30647,-43,-0.009155273,-0.6690674,-0.4458008,-0.5946655,-38.04744,-36.86265,12.63978
30.888,-0.8444824,-1.854004,0.4274902,109.1703,22.38422,-16.54053,0.793457,20.44678,0.0007324219,-12.28125,-24.91797,5.851563,-4306.521,-30736.49,-43,-0.01230002,-0.6703092,-0.4420618,-0.5959783,-37.99672,-36.76739,12.83897
30.917,-1.093018,-2.04248,0.9450684,105.4945,-17.81678,-68.29834,-3.173828,56.57959,0.0007324219,-14.19531,-31.19922,9.527344,-4477,-30917,-43,-0.01501465,-0.6732178,-0.4318237,-0.6001587,-37.34282,-36.02859,12.98372
30.948,-1.200928,-1.99585,1.651367,99.5429,-73.8123,-116.2109,36.8042,86.54785,0.0007324219,-19.36328,-31.83594,19.62891,-5286.167,-30960.35,-43,-0.01931215,-0.6753142,-0.4062273,-0.6142344,-35.4176,-33.73038,13.7523
30.977,-1.63623,-1.959717,1.959229,90.81271,-141.9246,-169.5557,97.0459,126.9531,0.0007324219,-19.59766,-33.69922,30.25,-6702,-30977,-43,-0.02423096,-0.6772461,-0.3657227,-0.6380615,-32.17561,-29.74984,14.73362
31.008,-2.104736,-1.380371,2.127686,77.7063,-220.3149,-244.2627,188.5376,190.4907,0.0007324219,-34.625,-23.95703,31.05078,-7977.908,-31008,-43,-0.02224277,-0.6682341,-0.3028164,-0.6764321,-26.63564,-22.41834,15.91918
31.038,-2.27002,2.910889,-3.359863,61.77253,-313.1337,-235.1074,128.9063,154.0527,0.0007324219,-26.84375,10.3125,12.67188,-9298,-31038,-43,-0.01617432,-0.6483765,-0.2185669,-0.729126,-20.21889,-11.74721,16.90823
31.068,-1.171143,0.7087402,-1.59082,41.9332,-420.5911,-111.0229,-143.5547,-82.27539,0.0007324219,-21.95703,95.3125,-18.20313,-9298,-31038,-43,-0.0308525,-0.651641,-0.2060382,-0.7276001,-20.28921,-11.81518,16.95239
31.098,-0.5576172,0.5493164,0.7539063,27.75876,-495.3414,117.0044,-28.80859,-144.165,0.0007324219,-5.730469,11.73047,-13.57422,-9298,-31038,-43,-0.06463623,-0.6644287,-0.2012329,-0.7169189,-22.09423,-14.472,17.3972
31.128,0.5771484,-0.1052246,0.9887695,15.8084,-516.2455,320.1294,114.0747,-47.79053,0.0007324219,5.753906,0.7304688,14.88672,-9298,-31038,-43,-0.04534912,-0.6568298,-0.2336044,-0.7115585,-23.25859,-15.96634,17.78353
31.158,0.6687012,-1.656738,-0.3261719,15.36129,-441.7066,63.23242,13.97705,15.19775,0.0007324219,7.28125,-17.66016,0.4023438,-9298,-31038,-43,0.006774902,-0.6369019,-0.3082886,-0.706665,-25.27984,-18.51728,18.41535
31.189,-0.1157227,0.2072754,0.009277344,15.2015,-307.044,-189.6362,-67.26074,59.44824,0.0007324219,6.496094,-15.95703,-2.816406,-9298,-31038,-43,-0.00138368,-0.6435419,-0.2936292,-0.7068587,-24.63801,-17.99694,17.93941
31.218,-0.2607422,1.01416,-0.2644043,14.27559,-167.4549,-93.26172,-44.67773,31.49414,0.0007324219,-4.773438,13.39063,-3.628906,-9298,-31038,-43,-0.03173828,-0.6622925,-0.2432251,-0.7080688,-22.73355,-16.31712,16.68689
31.248,-0.07250977,0.06274414,-0.1386719,12.66421,-76.36527,57.86133,4.516602,-2.929688,0.0007324219,-2.515625,8.566406,-3.878906,-9298,-31038,-43,-0.02895737,-0.6621323,-0.2450714,-0.7070503,-22.65636,-16.35186,16.53612
31.278,-0.004638672,-0.05834961,-0.04882813,12.79723,-22.9151,83.80127,30.70068,-16.05225,0.0007324219,-0.3789063,-1.457031,-1.074219,-9298,-31038,-43,-0.01513672,-0.6610107,-0.2579956,-0.7045288,-22.55503,-16.64296,16.08511
31.308,0.04003906,-0.1916504,-0.01538086,13.74266,-16.12722,66.8335,26.18408,1.953125,0.0007324219,-0.4960938,-1.078125,-0.8945313,-9298,-31038,-43,-0.003848856,-0.6578122,-0.2686796,-0.7041396,-22.53614,-16.71389,15.98111
31.339,0.0480957,-0.1726074,0.05883789,14.25391,-5.792895,46.63086,17.94434,8.178711,0.0007324219,1.808594,-2.328125,0.6796875,-9298,-31038,-43,0.01019287,-0.6516724,-0.2824097,-0.7039795,-22.60578,-16.75401,16.04806
31.368,0.08813477,-0.06225586,-0.1191406,14.61739,7.062817,31.55518,7.995605,7.507324,0.0007324219,0.828125,-2.28125,-0.3867188,-9298,-31038,-43,0.01837906,-0.6495665,-0.2887667,-0.7033439,-22.47816,-16.71737,15.88625
31.398,0.04296875,0.07397461,-0.1640625,15.25709,18.02228,29.54102,5.981445,-1.098633,0.0007324219,1.503906,0.1835938,-2.890625,-9298,-31038,-43,0.0246582,-0.6484985,-0.2926636,-0.7023315,-22.28922,-16.65271,15.65708
31.429,-0.03759766,0.05639648,-0.1135254,16.1077,20.3715,16.05225,-7.69043,-19.22607,0.0007324219,0.2148438,0.5039063,-2.054688,-9298,-31038,-43,0.02425414,-0.6476986,-0.2995224,-0.7002848,-22.85675,-17.31381,15.84089
31.458,-0.1369629,0.2084961,-0.2424316,16.11515,17.22289,9.277344,-27.22168,-44.98291,0.0007324219,-1.476563,2.03125,-2.960938,-9298,-31038,-43,0.02172852,-0.6473389,-0.3069458,-0.6973877,-23.62995,-18.21639,16.0816
31.491,-2.295654,0.777832,-0.4526367,16.1181,13.77717,228.9429,-108.3984,-208.1299,0.0007324219,-6.417969,8.085938,-17.64063,-13457.35,-31205.42,-43,0.007633198,-0.6528946,-0.3376697,-0.6767048,-27.08648,-22.83776,16.18148
31.519,-3.791504,3.370117,1.671143,19.50153,25.24958,314.0869,-20.99609,-170.7764,0.0007324219,-81.54297,-52.86328,-66.14844,-20875,-31504,-43,-0.01519775,-0.6630249,-0.382019,-0.6436768,-32.66306,-29.83728,15.97935
31.549,-4.368164,-0.8830566,0.02148438,27.5637,67.30598,26.55029,-140.5029,-51.51367,0.0007324219,-36.15234,-49.17578,1.191406,-26182.33,-31547.93,-43,-0.0220016,-0.6701194,-0.4062248,-0.6214107,-35.47369,-33.46372,14.91132
31.579,0.4663086,-2.741943,1.426514,36.52868,132.5096,39.73389,-50.10986,-10.00977,0.0007324219,-122.0391,-11.20313,-11.66016,-31242,-31565,-43,-0.02496338,-0.6768188,-0.4235229,-0.6016846,-37.51103,-36.1045,13.46564
31.609,1.649902,-3.324219,0.9648438,47.9314,217.1378,-36.56006,-47.72949,20.08057,0.0007324219,36.79688,-56.63281,31.76953,-24068.53,-31600.06,-43,-0.03203218,-0.6816298,-0.4232464,-0.5954122,-38.26663,-36.9925,13.16169
31.641,-1.114502,-0.170166,0.5627441,62.36172,310.9453,-14.64844,33.26416,21.1792,0.0007324219,-5.691406,-17.48438,13.88281,-4565,-31641,-43,-0.04144287,-0.6854858,-0.4210815,-0.5925903,-38.97143,-37.71108,13.38014
31.669,-0.3833008,-0.8588867,-0.03686523,77.2581,383.0357,59.69238,72.08252,14.77051,0.0007324219,-7.003906,-8.820313,4.292969,-4795.757,-31670.51,-43,-0.03338216,-0.682353,-0.4217777,-0.5959883,-38.24863,-36.95806,13.23288
31.699,-1.615234,-0.3977051,-0.1269531,79.23167,375.557,-13.48877,18.79883,43.45703,0.0007324219,-11.10938,-12.16016,-3.636719,-6616,-31699,-43,-0.0111084,-0.6732788,-0.4238892,-0.6057739,-36.27039,-34.86478,12.96981
31.729,-0.6850586,-0.02856445,0.05688477,79.78898,310.5461,-15.25879,8.789063,46.20361,0.0007324219,-24.24219,-0.5273438,0.7421875,-6616,-31699,-43.31144,-0.003271426,-0.674244,-0.418048,-0.6099874,-35.05245,-33.64743,12.50523
31.759,-0.5522461,-0.199707,0.2250977,79.06582,201.0974,-4.455566,6.164551,20.08057,0.0007324219,-3.585938,-5.265625,2.199219,-6616,-31699,-44,0.0007324219,-0.6789551,-0.404541,-0.612793,-33.63468,-32.28108,11.78451
31.789,-0.9921875,-0.2636719,0.3859863,77.01119,75.16621,6.103516,1.037598,15.80811,0.0007324219,-12.50391,-3.582031,5.203125,-6021.312,-31731.81,-44,0.005504293,-0.6802559,-0.4019401,-0.6129291,-33.03808,-31.75607,11.288
31.819,-0.970459,-0.4177246,0.3720703,76.80697,-9.181196,13.12256,16.17432,8.605957,0.0007324219,-18.41016,-4.976563,5.578125,-4713,-31804,-44,0.00958252,-0.6808472,-0.4008789,-0.6129761,-32.61678,-31.3884,10.92682
31.849,-0.7353516,-0.4995117,0.4008789,76.7665,-22.21574,8.544922,20.1416,7.202148,0.0007324219,-12.41406,-8.636719,6.890625,-4713,-31804,-44,0.01454989,-0.6794586,-0.4010239,-0.6143666,-32.17531,-30.9458,10.78967
31.879,-0.8779297,-0.5593262,0.3168945,75.82684,-25.63135,10.13184,19.77539,7.019043,0.0007324219,-11.84766,-8.925781,5.917969,-4713,-31804,-44,0.01989746,-0.6760254,-0.4020386,-0.6172485,-31.73184,-30.43376,10.92411
31.91,-0.8029785,-0.5930176,0.2348633,73.7507,-28.63524,5.004883,21.72852,11.65771,0.0007324219,-14.16016,-9.253906,4.257813,-4713,-31804,-44,0.02482115,-0.6735486,-0.4013923,-0.620221,-31.20036,-29.84025,10.99188
31.941,-0.8212891,-0.5527344,0.1950684,72.18319,-32.32151,2.380371,23.86475,12.87842,0.0007324219,-12.76563,-9.011719,3.042969,-4713,-31804,-44,0.02947998,-0.6710815,-0.3997192,-0.6237793,-30.60488,-29.16128,11.10543
31.97,-0.8288574,-0.5227051,0.1679688,70.7094,-43.64364,0.793457,24.41406,13.91602,0.0007324219,-13.5625,-8.324219,2.734375,-4713,-31804,-44,0.03402046,-0.6686146,-0.3975922,-0.6275624,-29.98618,-28.44634,11.23751
32,-0.8244629,-0.5649414,0.1687012,67.65491,-58.96342,-3.662109,22.52197,16.35742,0.0007324219,-12.76953,-8.964844,2.839844,-4713,-31804,-44,0.03875732,-0.6659546,-0.3944702,-0.632019,-29.27023,-27.60674,11.40407
32.03,-0.8789063,-0.4970703,0.1677246,63.2703,-78.23849,-7.629395,21.24023,19.22607,0.0007324219,-13.73047,-8.253906,2.894531,-4713,-31804,-44,0.04299895,-0.6640432,-0.3902669,-0.6364294,-28.51874,-26.73507,11.51888
32.06,-0.8195801,-0.5100098,0.208252,60.52295,-91.61778,-9.521484,23.92578,23.49854,0.0007324219,-13.41797,-8.226563,3.335938,-4713,-31804,-44,0.04693604,-0.6625366,-0.3848267,-0.6409912,-27.70176,-25.79082,11.6053
32.09,-0.8666992,-0.5783691,0.2526855,58.339,-99.72142,-14.03809,26.36719,24.84131,0.0007324219,-13.41797,-9.382813,3.765625,-4713,-31804,-44,0.05070201,-0.6608966,-0.3784079,-0.6461977,-26.82289,-24.74949,11.73529
32.12,-0.8510742,-0.4606934,0.2067871,56.02804,-99.14467,-25.08545,23.37646,25.08545,0.0007324219,-13.80469,-8.625,3.65625,-4713,-31804,-44,0.05426025,-0.6593018,-0.3707886,-0.6519165,-25.87274,-23.60533,11.87836
32.15,-0.895752,-0.387207,0.1657715,53.81671,-88.66834,-21.66748,22.33887,26.48926,0.0007324219,-13.78906,-6.683594,2.890625,-4713,-31804,-44,0.05738664,-0.6581104,-0.3625773,-0.6574477,-24.92398,-22.46085,11.98052
32.18,-0.8642578,-0.2878418,0.1679688,51.02382,-79.67815,-20.32471,24.16992,26.36719,0.0007324219,-14.63672,-5.757813,2.3125,-4713,-31804,-44,0.06018066,-0.6571655,-0.3535156,-0.6630249,-23.94637,-21.27486,12.05606
32.21,-0.9106445,-0.2436523,0.07836914,47.8045,-83.57057,-24.53613,18.9209,26.06201,0.0007324219,-13.17188,-4.957031,2.726563,-4713,-31804,-44,0.06320936,-0.6560746,-0.344925,-0.668326,-23.00201,-20.11732,12.11093
32.24,-0.8781738,-0.2443848,0.06494141,44.31035,-92.95882,-19.83643,21.48438,22.94922,0.0007324219,-14.58594,-4.359375,1.535156,-4713,-31804,-44,0.06628418,-0.6549683,-0.3363647,-0.6734619,-22.07091,-18.9652,12.14455
32.27,-0.9536133,-0.170166,-0.02807617,40.47931,-104.2686,-22.33887,18.06641,19.9585,0.0007324219,-14.4375,-3.488281,0.25,-4713,-31804,-44,0.06879811,-0.6537564,-0.3284591,-0.6782879,-21.25432,-17.9139,12.20658
32.3,-0.9187012,-0.220459,-0.06079102,37.27318,-112.2336,-13.61084,18.9209,20.87402,0.0007324219,-14.96875,-2.71875,-0.828125,-4713,-31804,-44,0.07098389,-0.6524658,-0.3209839,-0.6828613,-20.51488,-16.92754,12.28039
32.33,-0.9692383,-0.1738281,-0.05883789,34.40864,-112.858,-19.28711,10.49805,15.68604,0.0007324219,-15.05469,-3.84375,-1.105469,-4713,-31804,-44,0.0725944,-0.6518018,-0.3142929,-0.686453,-19.8832,-16.10383,12.28858
32.36,-0.9509277,-0.1779785,-0.005859375,31.42481,-109.3425,-14.89258,9.399414,14.70947,0.0007324219,-15.86328,-2.011719,-0.8007813,-4713,-31804,-44,0.0737915,-0.6514282,-0.3082275,-0.6893921,-19.33439,-15.39601,12.2674
32.391,-0.9638672,-0.1826172,0.02246094,28.3664,-104.013,-14.64844,4.821777,9.521484,0.0007324219,-15.1875,-3.316406,0.4140625,-4713,-31804,-44,0.07406196,-0.6514619,-0.3032353,-0.6915673,-18.93685,-14.8823,12.24374
32.42,-0.9624023,-0.2329102,-0.008300781,26.75573,-93.40307,-9.521484,4.089355,6.408691,0.0007324219,-15.50781,-3.117188,-0.02734375,-4713,-31804,-44,0.07415771,-0.6516724,-0.2994385,-0.6929932,-18.64003,-14.51534,12.20062
32.451,-0.949707,-0.2905273,-0.004394531,25.7161,-79.35749,-6.896973,3.173828,3.601074,0.0007324219,-15.30469,-4.386719,-0.04296875,-4713,-31804,-44,0.07400509,-0.651649,-0.2967297,-0.6942201,-18.45234,-14.25321,12.20765
32.481,-0.9489746,-0.2475586,-0.007080078,24.60706,-64.09925,-6.896973,0.7324219,2.685547,0.0007324219,-14.88672,-4.578125,-0.4453125,-4713,-31804,-44,0.0736084,-0.6515503,-0.2950439,-0.6950684,-18.36331,-14.1036,12.23984
32.511,-0.9379883,-0.3122559,0.02539063,23.60062,-48.72595,-2.807617,2.929688,4.089355,0.0007324219,-15.33984,-4.28125,-0.08984375,-4713,-31804,-44,0.07363222,-0.6515811,-0.2934473,-0.6957172,-18.24269,-13.94634,12.22869
32.541,-0.9143066,-0.3347168,0.02246094,23.61872,-32.57426,-6.347656,-0.3662109,3.295898,0.0007324219,-14.76953,-5.65625,0.453125,-4713,-31804,-44,0.0737915,-0.6516724,-0.2921753,-0.696167,-18.1332,-13.81695,12.20253
32.571,-0.9489746,-0.2663574,0.02441406,23.7591,-21.15021,-5.187988,-0.06103516,3.479004,0.0007324219,-15.24609,-4.351563,0.2929688,-4713,-31804,-44,0.07366943,-0.651935,-0.2906727,-0.6965245,-18.02428,-13.69779,12.16527
32.601,-0.9558105,-0.324707,0.02075195,23.28437,-13.98517,-3.173828,0.4272461,3.417969,0.0007324219,-15.25391,-4.566406,0.08203125,-4713,-31804,-44,0.07336426,-0.6524048,-0.2891235,-0.6967773,-17.92055,-13.59827,12.11373
32.631,-0.9543457,-0.2719727,0.01879883,22.19569,-12.25261,-3.662109,0.06103516,2.868652,0.0007324219,-14.96094,-4.910156,0.5234375,-4713,-31804,-44,0.07347107,-0.652626,-0.2879511,-0.6970359,-17.81851,-13.49354,12.07079
32.661,-0.9396973,-0.3151855,0.02246094,22.13136,-11.51442,0,2.01416,3.479004,0.0007324219,-15.47656,-4.339844,0.3242188,-4713,-31804,-44,0.0737915,-0.652771,-0.2869873,-0.6972656,-17.71679,-13.39022,12.02671
32.691,-0.9150391,-0.3076172,0.03271484,22.12261,-12.81186,-2.13623,0.1220703,3.356934,0.0007324219,-14.40625,-5.433594,0.6210938,-4713,-31804,-44,0.07413559,-0.6529541,-0.2861062,-0.6974131,-17.61794,-13.297,11.97574
32.721,-0.9780273,-0.2741699,0.01220703,21.4881,-14.19488,0,1.281738,3.356934,0.0007324219,-15.23047,-4.363281,0.4101563,-4713,-31804,-44,0.07458496,-0.6531372,-0.2853394,-0.6975098,-17.51888,-13.20827,11.91942
32.751,-0.9272461,-0.3325195,0.03491211,20.05132,-17.42549,-1.342773,1.098633,4.150391,0.0007324219,-15.04688,-5.421875,0.5078125,-4713,-31804,-44,0.07519997,-0.6532478,-0.2844699,-0.6976761,-17.401,-13.09516,11.86088
32.781,-0.9382324,-0.2998047,0.02880859,19.92188,-17.37489,-1.403809,1.098633,4.943848,0.0007324219,-15.0625,-4.851563,0.34375,-4713,-31804,-44,0.07598877,-0.6533203,-0.2835693,-0.697876,-17.26793,-12.96543,11.79708
32.811,-0.9587402,-0.263916,0.01318359,19.89224,-18.31862,-1.098633,1.525879,4.882813,0.0007324219,-15.12891,-4.683594,0.4257813,-4713,-31804,-44,0.07684736,-0.6534557,-0.282527,-0.6980817,-17.11683,-12.8217,11.72063
32.841,-0.9375,-0.3105469,0.02197266,19.90075,-15.26318,-0.7324219,1.89209,5.493164,0.0007324219,-15.26172,-4.667969,0.2148438,-4713,-31804,-44,0.07781982,-0.6536255,-0.2813721,-0.6983032,-16.94719,-12.66204,11.63294
32.872,-0.9550781,-0.2697754,0.01025391,19.9431,-7.757586,-0.793457,2.258301,5.371094,0.0007324219,-15.11328,-4.648438,0.2929688,-4713,-31804,-44,0.07883708,-0.6536698,-0.2802608,-0.6985938,-16.78132,-12.49582,11.55828
32.901,-0.9587402,-0.25,0.01245117,19.58651,-2.128546,-0.2441406,1.831055,4.821777,0.0007324219,-15.26172,-4.105469,0.1679688,-4713,-31804,-44,0.07983398,-0.6536865,-0.2792358,-0.6989136,-16.62478,-12.33541,11.49153
32.932,-0.9584961,-0.2458496,0.005615234,18.7196,-6.525023,0.1831055,1.647949,3.662109,0.0007324219,-15.35547,-4.035156,0.1875,-4713,-31804,-44,0.08081472,-0.6536709,-0.2785124,-0.6991017,-16.49248,-12.20498,11.42944
32.962,-0.9665527,-0.2197266,-0.003173828,18.52837,-10.14221,2.13623,1.159668,1.831055,0.0007324219,-15.37109,-3.769531,-0.109375,-4713,-31804,-44,0.08172607,-0.6536255,-0.2780151,-0.6992188,-16.38332,-12.09926,11.37614
32.992,-0.9685059,-0.2338867,0.006347656,18.4482,-11.72026,1.586914,0,-0.1220703,0.0007324219,-15.4375,-3.617188,0.04296875,-4713,-31804,-44,0.08225515,-0.6536255,-0.2780744,-0.6991609,-16.34448,-12.07169,11.3464
33.022,-0.9616699,-0.2438965,0.0009765625,18.47774,-10.3928,1.342773,-0.9155273,-1.159668,0.0007324219,-15.38281,-3.796875,0.0703125,-4713,-31804,-44,0.08258057,-0.6536255,-0.2784424,-0.6989746,-16.34444,-12.08774,11.32912
33.052,-0.9580078,-0.2614746,0.007080078,18.597,-5.481469,2.380371,-0.8544922,-2.441406,0.0007324219,-15.26172,-3.964844,0.140625,-4713,-31804,-44,0.08255768,-0.6536064,-0.2790095,-0.6987454,-16.38791,-12.14375,11.3353
33.082,-0.9370117,-0.3015137,0.02197266,18.45772,-1.022829,1.220703,-1.281738,-2.13623,0.0007324219,-15.05078,-4.757813,0.2539063,-4713,-31804,-44,0.08239746,-0.6535645,-0.2799072,-0.6984253,-16.46749,-12.23818,11.35519
33.113,-0.9411621,-0.3024902,0.03344727,18.1061,-1.873019,1.647949,-0.9155273,-1.342773,0.0007324219,-15.03906,-4.832031,0.4804688,-4713,-31804,-44,0.08227947,-0.6536212,-0.2805424,-0.6981178,-16.52122,-12.31184,11.35767
33.142,-0.9475098,-0.3061523,0.01831055,17.96561,-3.487387,1.403809,-0.793457,-0.7324219,0.0007324219,-15.11328,-4.785156,0.3984375,-4713,-31804,-44,0.08215332,-0.6537476,-0.2810669,-0.6978149,-16.56543,-12.3793,11.35203
33.172,-0.9279785,-0.3164063,0.04052734,17.86911,-5.036056,-0.1831055,-1.098633,0.4272461,0.0007324219,-14.94922,-5.027344,0.6992188,-4713,-31804,-44,0.08215332,-0.6539246,-0.2811119,-0.6975804,-16.56237,-12.39955,11.32491
33.202,-0.9465332,-0.2856445,0.02270508,18.17671,-3.829678,-0.3051758,-1.159668,0.9765625,0.0007324219,-15,-4.867188,0.4570313,-4713,-31804,-44,0.08215332,-0.6541748,-0.2811279,-0.6973877,-16.55535,-12.41757,11.29401
33.232,-0.9570313,-0.284668,0.03076172,18.93992,2.410378,-0.4272461,-0.1220703,1.281738,0.0007324219,-15.26172,-4.617188,0.4335938,-4713,-31804,-44,0.08222499,-0.6543611,-0.2809347,-0.6973448,-16.52946,-12.40545,11.26714
33.264,-0.942627,-0.3027344,0.03637695,18.96239,7.149423,-1.403809,0.1831055,2.13623,0.0007324219,-15.23828,-4.761719,0.5273438,-4713,-31804,-44,0.08239746,-0.654541,-0.2804565,-0.6973267,-16.47421,-12.36334,11.2279
33.292,-0.9519043,-0.2832031,0.02270508,18.91861,8.35366,-1.77002,-0.1220703,2.197266,0.0007324219,-15.08594,-4.945313,0.5195313,-4713,-31804,-44,0.08255535,-0.6546928,-0.2799519,-0.6973594,-16.41924,-12.31685,11.194
